1450101537 0 1 0 0 0 0 0 0 0 0 0 0 0 0 0 0 0 0 0 0
1450115600 0 2 0 0 0 0 0 0 0 0 0 0 0 0 0 0 0 0 0 0
1450130682 0 3 0 0 0 0 0 0 0 0 0 0 0 0 0 0 0 0 0 0
1450193447 0 4 0 0 0 0 0 0 0 0 0 0 0 0 0 0 0 0 0 0
1450193486 0 5 0 0 0 0 0 0 0 0 0 0 0 0 0 0 0 0 0 0
1450194016 0 7 0 0 0 0 0 0 0 0 0 0 0 0 0 0 0 0 0 0
1450206635 0 8 0 0 0 0 0 0 0 0 0 0 0 0 0 0 0 0 0 0
1450206665 0 9 0 0 0 0 0 0 0 0 0 0 0 0 0 0 0 0 0 0
1450213729 0 10 0 0 0 0 0 0 0 0 0 0 0 0 0 0 0 0 0 0
1450216434 0 11 0 0 0 0 0 0 0 0 0 0 0 0 0 0 0 0 0 0
1450264986 0 12 0 0 0 0 0 0 0 0 0 0 0 0 0 0 0 0 0 0
1450275211 0 13 0 0 0 0 0 0 0 0 0 0 0 0 0 0 0 0 0 0
1450276466 0 14 0 0 0 0 0 0 0 0 0 0 0 0 0 0 0 0 0 0
1450280811 0 15 0 0 0 0 0 0 0 0 0 0 0 0 0 0 0 0 0 0
1450284357 1 16 0 0 0 0 0 0 0 0 0 0 0 0 0 0 0 0 0 0
1450284947 2 16 0 0 0 0 0 0 0 0 0 0 0 0 0 0 0 0 0 0
1450285412 3 16 0 0 0 0 0 0 0 0 0 0 0 0 0 0 0 0 0 0
1450287685 4 16 0 0 0 0 0 0 0 0 0 0 0 0 0 0 0 0 0 0
1450288080 6 16 0 0 0 0 0 0 0 0 0 0 0 0 0 0 0 0 0 1
1450297285 7 16 0 0 0 0 0 0 0 0 0 0 0 0 0 0 0 0 0 1
1450297818 11 16 0 0 0 0 0 0 0 0 0 0 0 0 0 0 0 0 0 1
1450304829 12 16 0 0 0 0 0 0 0 0 0 0 0 0 0 0 0 0 0 1
1450305094 13 16 0 0 0 0 0 0 0 0 0 0 0 0 0 0 0 0 0 1
1450358772 13 18 0 0 0 0 0 0 0 0 0 0 0 0 0 0 0 0 0 1
1450369484 13 19 0 0 0 0 0 0 0 0 0 0 0 0 0 0 0 0 0 1
1450369663 13 20 0 0 0 0 0 0 0 0 0 0 0 0 0 0 0 0 0 1
1450371969 13 21 0 0 0 0 0 0 0 0 0 0 0 0 0 0 0 0 0 1
1450372007 13 22 0 0 0 0 0 0 0 0 0 0 0 0 0 0 0 0 0 1
1450372090 13 23 0 0 0 0 0 0 0 0 0 0 0 0 0 0 0 0 0 1
1450381547 14 23 0 0 0 0 0 0 0 0 0 0 0 0 0 0 0 0 0 1
1450383201 15 23 0 0 0 0 0 0 0 0 0 0 0 0 0 0 0 0 0 1
1450383239 16 23 0 0 0 0 0 0 0 0 0 1 0 0 0 0 0 0 0 1
1450429329 16 23 0 1 0 0 0 0 0 0 0 1 0 0 0 0 0 0 0 1
1450429330 16 23 0 2 0 0 0 0 0 0 0 1 0 0 0 0 0 0 0 1
1450429331 16 23 0 3 0 0 0 0 0 0 0 1 0 0 1 0 0 0 0 1
1450431180 16 23 0 4 0 0 0 0 0 0 0 1 0 0 1 0 0 0 0 1
1450442139 16 24 0 4 0 0 1 0 0 0 0 1 0 0 1 0 0 0 0 1
1450446426 16 25 0 6 0 0 1 0 0 0 0 1 0 0 1 0 0 0 0 1
1450450176 16 26 0 6 0 0 1 0 0 0 0 1 0 0 1 0 0 0 0 1
1450454923 17 26 0 6 0 0 1 0 0 0 0 1 0 0 1 0 0 0 0 1
1450456259 19 26 0 6 1 0 1 0 0 0 0 1 0 0 1 0 0 0 0 1
1450456479 20 26 0 6 1 0 1 0 0 0 0 1 0 0 1 0 0 0 0 1
1450457081 21 26 0 6 1 0 1 0 0 0 0 1 0 0 1 0 0 0 0 1
1450458174 22 26 0 6 1 0 1 0 0 0 0 1 0 0 1 0 0 0 0 1
1450458307 23 26 0 6 1 0 1 0 0 0 0 1 0 0 1 0 0 0 0 1
1450458465 25 26 0 6 1 0 1 0 0 0 0 1 0 0 1 0 0 0 0 1
1450465911 26 26 0 6 1 0 1 0 0 0 0 1 0 0 1 0 0 0 0 1
1450466373 27 26 0 6 1 0 1 0 0 0 0 1 0 0 1 0 0 0 0 1
1450466395 28 26 0 6 1 0 1 0 0 0 0 1 0 0 1 0 0 0 0 1
1450467254 29 26 0 6 1 0 1 0 0 0 0 1 0 0 1 0 0 0 0 1
1450469183 30 26 0 6 1 0 1 0 0 0 0 1 0 0 1 0 0 0 0 1
1450472608 31 26 0 6 1 0 1 0 0 0 0 1 0 0 1 0 0 0 0 1
1450472625 32 26 0 6 1 0 1 0 0 0 0 1 0 0 1 0 0 0 0 1
1450472783 33 26 0 6 1 0 1 0 0 0 0 1 0 0 1 0 0 0 0 1
1450519099 34 26 0 6 1 1 1 0 0 0 0 1 0 0 1 0 0 0 0 1
1450521050 35 26 0 6 1 1 1 0 0 0 0 1 0 0 1 0 0 0 0 1
1450522243 36 26 0 6 1 1 1 0 0 0 0 1 0 0 1 0 0 0 0 1
1450522258 37 26 0 6 1 1 1 0 0 0 0 1 0 0 1 0 0 0 0 1
1450525453 39 26 0 6 1 1 1 0 0 0 0 1 0 0 1 0 0 0 0 1
1450525766 41 26 0 6 1 1 1 0 0 0 0 1 0 0 1 0 0 0 0 1
1450530032 42 27 0 6 1 1 1 0 0 0 0 1 0 0 1 0 0 0 0 1
1450536157 43 28 0 6 1 1 1 0 0 0 0 1 0 0 1 0 0 0 0 1
1450536683 44 28 0 6 1 1 1 0 0 0 0 1 0 0 1 0 0 0 0 1
1450543555 44 28 0 6 1 1 1 0 0 1 0 1 0 0 1 0 0 0 0 1
1450544904 44 28 0 6 1 1 1 0 0 2 0 1 0 0 1 0 0 0 0 1
1450548457 47 28 0 6 1 1 1 0 0 2 0 1 0 0 1 0 0 0 0 1
1450554764 48 28 0 6 1 1 1 0 0 2 0 1 0 0 1 0 0 0 0 1
1450557071 49 28 0 6 1 1 1 0 0 2 0 1 0 0 1 0 0 0 0 1
1450558746 50 28 0 6 1 1 1 0 0 2 0 1 0 0 1 0 0 0 0 1
1450558777 51 28 0 6 1 1 1 0 0 2 0 1 0 0 1 0 0 0 0 1
1450617583 52 28 0 6 1 1 1 0 0 2 0 1 0 0 1 0 0 0 0 1
1450617593 53 28 0 6 1 1 1 0 0 2 0 1 0 0 1 0 0 0 0 1
1450617832 54 28 0 6 1 1 1 0 0 2 0 1 0 0 1 0 0 0 0 1
1450620813 54 29 0 6 1 1 1 0 0 2 0 1 0 0 1 0 0 0 0 1
1450623130 55 29 0 6 1 1 1 0 0 2 0 1 0 0 1 0 0 0 0 1
1450624697 56 29 0 6 1 1 1 0 0 2 0 1 0 0 1 0 0 0 0 1
1450624733 57 29 0 6 1 1 1 0 0 2 0 1 0 0 1 0 0 0 0 1
1450624831 58 29 0 6 1 1 1 0 0 2 0 1 0 0 1 0 0 0 0 1
1450625594 58 32 0 6 1 1 1 0 0 2 0 1 0 0 1 0 0 0 0 1
1450627498 58 33 0 6 1 1 1 0 0 2 0 1 0 0 1 0 0 0 0 1
1450627644 58 34 0 6 1 1 1 0 0 2 0 1 0 0 1 0 0 0 0 1
1450627887 59 34 0 6 1 1 1 0 0 2 0 1 0 0 1 0 0 0 0 1
1450630884 60 34 0 6 1 1 1 0 0 2 0 1 0 0 1 0 0 0 0 1
1450633127 61 34 0 6 1 1 1 0 0 2 0 1 0 0 1 0 0 0 0 1
1450633160 62 34 0 6 1 1 1 0 0 2 0 1 0 0 1 0 0 0 0 1
1450633329 63 34 0 6 1 1 1 0 0 2 0 1 0 0 1 0 0 0 0 1
1450636017 64 34 0 6 1 1 1 0 0 2 0 1 0 0 1 0 0 0 0 1
1450646991 65 34 0 6 1 1 1 0 0 2 0 1 0 0 1 0 0 0 0 1
1450648085 66 34 0 6 1 1 1 0 0 2 0 1 0 0 1 0 0 0 0 1
1450648368 67 34 0 6 1 1 1 0 0 2 0 1 0 0 1 0 0 0 0 1
1450648818 69 34 0 6 1 1 2 0 0 2 0 2 0 0 1 0 0 0 0 1
1450689325 69 34 0 7 1 1 2 0 0 2 0 2 0 0 1 0 0 0 0 1
1450704505 69 35 1 7 1 1 2 0 0 2 0 2 0 0 1 0 0 0 0 1
1450707895 69 35 12 7 1 1 2 1 0 2 0 2 0 0 1 0 0 0 0 1
1450723738 70 35 12 7 1 1 2 1 0 2 0 2 0 0 1 0 0 0 0 1
1450724035 71 35 12 7 1 1 2 1 0 2 0 2 0 0 1 0 0 0 0 1
1450730800 72 35 12 7 1 1 2 1 0 2 0 2 0 0 1 0 0 0 0 1
1450732193 73 35 12 7 1 1 2 1 0 2 0 2 0 0 1 0 0 0 0 1
1450732212 74 35 12 7 1 1 2 1 0 2 0 2 0 0 1 0 0 0 0 1
1450732223 75 35 12 7 1 1 2 1 0 2 0 2 0 0 1 0 0 0 0 1
1450733954 75 35 12 7 1 1 2 1 0 2 0 2 0 0 2 0 0 0 0 1
1450781919 75 38 13 11 1 1 2 1 0 2 0 2 0 0 2 0 0 0 0 1
1450795889 75 38 14 11 1 1 2 1 0 2 0 2 0 0 2 0 0 0 0 1
1450802816 75 41 14 11 1 1 2 1 0 2 0 2 0 0 2 0 0 0 0 1
1450823551 76 41 14 11 1 1 2 1 0 2 0 2 0 0 2 0 0 0 0 1
1450823601 77 41 14 11 1 1 2 1 0 2 0 2 0 0 2 0 0 0 0 1
1450823636 78 41 14 11 1 1 2 1 0 2 0 2 0 0 2 0 0 0 0 1
1450868726 78 42 14 11 1 1 2 1 0 2 0 2 0 0 2 0 0 0 0 1
1450868935 78 43 14 11 1 1 2 1 0 2 0 2 0 0 2 0 0 0 0 1
1450869153 78 44 14 11 1 1 2 1 0 2 0 2 0 0 2 0 0 0 0 1
1450882829 78 45 14 11 1 1 2 1 0 2 0 2 0 0 2 0 0 0 0 1
1450887257 79 45 14 11 1 1 2 1 0 2 0 2 0 0 2 0 0 0 0 1
1450888085 79 45 14 42 1 1 3 1 0 2 0 2 0 0 2 0 0 0 0 1
1450897096 79 48 14 42 1 1 3 1 0 2 0 2 0 0 2 0 0 0 0 1
1450899185 79 50 14 42 1 1 3 1 0 2 0 2 0 0 2 0 0 0 0 1
1450908681 79 51 14 42 1 1 3 1 0 2 0 2 0 0 2 0 0 0 0 1
1450912342 79 52 14 42 1 1 3 1 0 2 0 2 0 0 2 0 0 0 0 1
1450915978 79 53 14 42 1 1 3 1 0 2 0 2 0 0 2 0 0 0 0 1
1450917627 79 54 14 43 1 1 3 1 0 2 0 2 0 0 2 0 0 0 0 1
1450959677 79 55 14 43 1 1 3 1 0 2 0 2 0 0 2 0 0 0 0 1
1450968688 79 56 14 43 2 1 3 1 0 2 0 2 0 0 2 0 0 0 0 1
1450970436 79 57 14 43 2 1 3 1 0 2 0 2 0 0 2 0 0 0 0 1
1451153108 79 57 14 43 2 2 3 1 0 2 0 2 0 0 2 0 0 0 0 1
1451153302 79 58 14 43 2 3 4 1 0 2 0 2 0 0 2 0 0 0 0 1
1451169820 79 59 14 43 2 3 4 1 0 2 0 2 0 0 2 0 0 0 0 1
1451254923 79 60 14 43 2 3 4 1 0 2 0 2 0 0 2 0 0 0 0 1
1451255685 79 61 14 43 2 3 4 1 0 2 0 2 0 0 2 0 0 0 0 1
1451303828 79 62 14 43 2 3 4 1 0 2 0 2 0 0 2 0 0 0 0 1
1451307224 79 63 14 43 2 3 4 1 0 2 0 2 0 0 2 0 0 0 0 1
1451308634 79 64 14 43 2 3 4 1 0 2 0 2 0 0 2 0 0 0 0 1
1451308834 79 65 14 43 2 3 4 1 0 2 0 2 0 0 2 0 0 0 0 1
1451310576 79 66 14 43 2 3 4 1 0 2 0 2 0 0 2 0 0 0 0 1
1451383271 79 66 14 43 3 3 4 1 0 2 0 2 0 0 2 0 0 0 0 1
1451390872 79 67 14 43 3 3 4 1 0 2 0 2 0 0 2 0 0 0 0 1
1451394266 79 68 14 43 3 3 4 1 0 2 0 2 0 0 2 0 0 0 0 1
1451401272 79 69 14 43 3 3 4 1 0 2 0 2 0 0 2 0 0 0 0 1
1451422422 79 71 14 43 3 3 4 1 0 2 0 2 0 0 2 0 0 0 0 1
1451487748 79 72 14 43 3 3 4 1 0 2 0 2 0 0 2 0 0 0 0 1
1451499048 79 73 14 43 3 3 4 1 0 2 0 2 0 0 2 0 0 0 0 1
1451512751 79 74 14 43 3 3 4 1 0 2 0 2 0 0 2 0 0 0 0 1
1451513147 79 75 14 43 3 3 4 1 0 2 0 2 0 0 2 0 0 0 0 1
1451514992 79 76 14 43 3 3 4 1 0 2 0 2 0 0 2 0 0 0 0 1
1451515696 79 77 14 43 3 3 4 1 0 2 0 2 0 0 2 0 0 0 0 1
1451516018 79 78 14 43 3 3 4 1 0 2 0 2 0 0 2 0 0 0 0 1
1451567859 79 78 14 43 3 3 4 2 0 2 0 2 0 0 2 0 0 0 0 1
1451568251 79 78 14 43 3 3 4 3 0 2 0 2 0 0 2 0 0 0 0 1
1451568610 79 78 14 43 3 3 4 4 0 2 0 2 0 0 2 0 0 0 0 1
1451568671 80 78 14 43 3 3 4 4 0 2 0 2 0 0 2 0 0 0 0 1
1451568696 81 78 14 43 3 3 4 4 0 2 0 2 0 0 2 0 0 0 0 1
1451568712 82 78 14 43 3 3 4 4 0 2 0 2 0 0 2 0 0 0 0 1
1451569369 83 78 14 43 3 3 4 4 0 2 0 2 0 0 2 0 0 0 0 1
1451570536 84 78 14 43 3 3 4 4 0 2 0 2 0 0 2 0 0 0 0 1
1451570741 85 78 14 43 3 3 4 4 0 2 0 2 0 0 2 0 0 0 0 1
1451570971 86 78 14 43 3 3 4 4 0 2 0 2 0 0 2 0 0 0 0 1
1451571386 87 78 14 43 3 3 4 4 0 2 0 2 0 0 2 0 0 0 0 1
1451572098 88 86 14 43 3 3 4 4 0 2 0 2 0 0 2 0 0 0 0 1
1451572416 88 87 14 43 3 3 4 4 0 2 0 2 0 0 2 0 0 0 0 1
1451572624 88 88 14 43 3 3 4 4 0 2 0 2 0 0 2 0 0 0 0 1
1451572656 88 89 14 43 3 3 4 4 0 2 0 2 0 0 2 0 0 0 0 1
1451572999 88 90 14 43 3 3 4 4 0 2 0 2 0 0 2 0 0 0 0 1
1451573904 88 91 14 43 3 3 4 4 0 2 0 2 0 0 2 0 0 0 0 1
1451579443 89 91 14 43 3 3 4 4 0 2 0 2 0 0 2 0 0 0 0 1
1451579462 90 96 14 43 3 3 4 4 0 2 0 2 0 0 2 0 0 0 0 1
1451579566 90 97 14 43 3 3 4 4 0 2 0 2 0 0 2 0 0 0 0 1
1451580319 90 98 14 43 3 3 4 4 0 2 0 2 0 0 2 0 0 0 0 1
1451582066 90 99 14 43 3 3 4 4 0 2 0 2 0 0 2 0 0 0 0 1
1451582292 90 100 14 43 3 3 4 4 0 2 0 2 0 0 2 0 0 0 0 1
1451583367 90 101 14 43 3 3 4 4 0 2 0 2 0 0 2 0 0 0 0 1
1451583656 90 102 14 43 3 3 4 4 0 2 0 2 0 0 2 0 0 0 0 1
1451584246 90 103 14 43 3 3 4 4 0 2 0 2 0 0 2 0 0 0 0 1
1451584389 90 104 14 43 3 3 4 4 0 2 0 2 0 0 2 0 0 0 0 1
1451584619 90 105 14 43 3 3 4 4 0 2 0 2 0 0 2 0 0 0 0 1
1451594341 90 106 14 43 3 3 4 4 0 2 0 2 0 0 2 0 0 0 0 1
1451595612 90 107 14 43 3 3 4 4 0 2 0 2 0 0 2 0 0 0 0 1
1451598523 90 108 14 43 3 3 4 4 0 2 0 2 0 0 2 0 0 0 0 1
1451666743 90 110 14 43 4 3 4 4 0 2 0 2 0 0 2 0 0 0 0 1
1451666812 90 111 14 43 4 3 4 4 0 2 0 2 0 0 2 0 0 0 0 1
1451666986 90 112 14 43 4 3 4 4 0 2 0 2 0 0 2 0 0 0 0 1
1451667503 90 113 14 43 4 3 4 4 0 2 0 2 0 0 2 0 0 0 0 1
1451667700 90 114 14 43 4 3 4 4 0 2 0 2 0 0 2 0 0 0 0 1
1451668562 90 115 14 43 4 3 4 4 2 2 0 2 0 0 2 0 0 0 0 1
1451674520 90 115 14 43 4 4 4 4 2 2 0 2 0 0 2 0 0 0 0 1
1451675008 90 115 14 43 4 5 4 4 2 2 0 2 0 0 2 0 0 0 0 1
1451676115 90 115 14 43 4 6 4 4 2 2 0 2 0 0 2 0 0 0 0 1
1451676833 90 115 14 43 4 7 4 4 2 2 0 2 0 0 2 0 0 0 0 1
1451677245 90 115 14 43 4 8 4 4 2 2 0 2 0 0 2 0 0 0 0 1
1451680484 90 116 14 43 4 8 4 4 2 2 0 2 0 0 2 0 0 0 0 1
1451683150 90 116 14 43 4 9 4 4 2 2 0 2 0 0 2 0 0 0 0 1
1451683881 90 116 14 43 4 10 4 4 2 2 0 2 0 0 2 0 0 0 0 1
1451684385 90 116 14 43 4 11 4 4 2 2 0 2 0 0 2 0 0 0 0 1
1451751907 91 116 14 43 4 11 4 4 2 2 0 2 0 0 2 0 0 0 0 1
1451753328 92 116 14 43 4 11 4 4 2 2 0 2 0 0 2 0 0 0 0 1
1451753356 93 116 14 43 4 11 4 4 2 2 0 2 0 0 2 0 0 0 0 1
1451755617 93 116 14 43 4 11 5 4 2 2 0 2 0 0 2 0 0 0 0 1
1451756323 93 116 14 43 4 11 6 4 2 2 0 2 0 0 2 0 0 0 0 1
1451760305 94 116 14 43 4 11 6 4 2 2 0 2 0 0 2 0 0 0 0 1
1451760390 95 116 14 43 4 11 6 4 2 2 0 2 0 0 2 0 0 0 0 1
1451760426 96 116 14 43 4 11 6 4 2 2 0 2 0 0 2 0 0 0 0 1
1451760716 97 116 14 43 4 11 6 4 2 2 0 2 0 0 2 0 0 0 0 1
1451760778 98 116 14 43 4 11 6 4 2 2 0 2 0 0 2 0 0 0 0 1
1451762827 99 116 14 43 4 12 6 4 2 2 0 2 0 0 2 0 0 0 0 1
1451765318 99 116 14 43 4 13 6 4 2 2 0 2 0 0 2 0 0 0 0 1
1451768926 100 116 14 43 4 13 6 4 2 2 0 2 0 0 2 0 0 0 0 1
1451769650 101 116 14 43 4 13 6 4 2 2 0 2 0 0 2 0 0 0 0 1
1451769783 102 116 14 43 4 16 6 4 2 2 0 2 0 0 2 0 0 0 0 1
1451769958 102 116 14 43 4 17 6 4 2 2 0 2 0 0 2 0 0 0 0 1
1451770150 102 116 14 43 4 18 6 4 2 2 0 2 0 0 2 0 0 0 0 1
1451771709 102 116 14 43 4 19 6 4 2 2 0 2 0 0 2 0 0 0 0 1
1451814922 102 116 14 43 5 19 6 4 2 2 0 2 0 0 2 0 0 0 0 1
1451828019 102 116 14 43 5 19 7 4 2 2 0 2 0 0 2 0 0 0 0 1
1451920074 102 116 14 43 5 19 7 5 2 2 0 2 0 0 2 0 0 0 0 1
1451922720 102 116 14 43 5 20 7 5 2 2 0 2 0 0 2 0 0 0 0 1
1451923429 102 116 14 43 5 21 7 5 2 2 0 2 0 0 2 0 0 0 0 1
1451923931 103 116 14 43 5 22 7 5 2 2 0 2 0 0 2 0 0 0 0 1
1452003584 105 116 14 43 5 22 7 5 2 2 0 2 0 0 2 0 0 0 0 1
1452008611 106 116 14 43 5 22 7 5 2 2 0 2 0 0 2 0 0 0 0 1
1452009008 108 116 14 43 5 22 7 5 2 2 0 2 0 0 2 0 0 0 0 1
1452011912 108 119 14 43 5 23 7 5 2 2 0 2 0 0 2 0 0 0 0 1
1452011968 108 120 14 43 5 23 7 5 2 2 0 2 0 0 2 0 0 0 0 1
1452014298 109 120 14 43 5 23 7 5 2 2 0 2 0 0 2 0 0 0 0 1
1452016874 110 120 14 43 5 23 7 5 2 2 0 2 0 0 2 0 0 0 0 1
1452023680 111 120 14 43 5 23 7 5 2 2 0 2 0 0 2 0 0 0 0 1
1452036556 111 121 14 43 5 23 7 5 2 2 0 2 0 0 2 0 0 0 0 1
1452088304 111 121 15 43 5 23 7 5 2 2 0 2 0 0 2 0 0 0 0 1
1452091319 111 121 15 43 5 24 7 5 2 2 0 2 0 0 2 0 0 0 0 1
1452091626 111 121 15 43 5 25 7 5 2 2 0 2 0 0 2 0 0 0 0 1
1452097642 111 121 15 43 5 26 7 5 2 2 0 2 0 0 2 0 0 0 0 1
1452111342 111 122 15 43 5 26 8 5 2 2 0 2 0 0 2 0 0 0 0 1
1452172330 111 123 15 43 5 26 8 5 2 2 0 2 0 0 2 0 0 0 0 1
1452182436 111 124 15 43 5 26 8 5 2 2 0 2 0 0 2 0 0 0 0 1
1452182690 111 125 15 43 5 26 8 5 2 2 0 2 0 0 2 0 0 0 0 1
1452184474 112 125 15 43 5 26 8 5 2 2 0 2 0 0 2 0 0 0 0 1
1452185669 112 126 15 43 5 26 8 5 2 2 0 2 0 0 2 0 0 0 0 1
1452187850 112 127 15 43 5 26 8 5 2 2 0 2 0 0 2 0 0 0 0 1
1452189376 113 127 15 43 5 26 8 5 2 2 0 2 0 0 2 0 0 0 0 1
1452190921 114 127 33 43 5 26 8 5 2 2 0 2 0 0 2 0 0 0 0 1
1452192935 114 127 37 43 5 26 8 5 2 2 0 2 0 0 2 0 0 0 0 1
1452195576 115 127 37 43 5 26 8 5 2 2 0 2 0 0 2 0 0 0 0 1
1452196645 115 127 37 43 6 26 8 5 2 2 0 2 0 0 2 0 0 0 0 1
1452197383 115 127 37 43 7 26 8 5 2 2 0 2 0 0 2 0 0 0 0 1
1452197545 115 127 37 43 8 26 8 5 2 2 0 2 0 0 2 0 0 0 0 1
1452200562 115 128 37 43 8 26 8 5 2 2 0 2 0 0 2 0 0 0 0 1
1452201746 116 128 37 43 8 26 8 5 2 2 0 2 0 0 2 0 0 0 0 1
1452202219 117 128 37 44 8 26 8 5 2 2 0 2 0 0 2 0 0 0 0 1
1452248291 117 128 38 44 8 26 8 5 2 2 0 2 0 0 2 0 0 0 0 1
1452249427 117 128 38 44 8 26 8 6 2 2 0 2 0 0 2 0 0 0 0 1
1452268153 117 128 38 44 9 26 8 6 2 2 0 2 0 0 2 0 0 0 0 1
1452275602 117 128 38 44 9 26 8 6 2 2 0 2 1 0 2 0 0 0 0 1
1452338633 117 128 38 44 9 27 8 6 2 2 0 2 1 0 2 0 0 0 0 1
1452338996 117 128 38 44 9 28 8 6 2 2 0 2 1 0 2 0 0 0 0 1
1452343699 117 128 38 44 9 29 8 6 2 2 0 2 1 0 2 0 0 0 0 1
1452346485 118 128 38 44 9 29 8 6 2 2 0 2 1 0 2 0 0 0 0 1
1452347527 118 128 38 44 9 30 8 6 2 2 0 2 1 0 2 0 0 0 0 1
1452348464 118 128 38 44 10 30 8 6 2 2 0 2 1 0 2 0 0 0 0 1
1452365479 119 128 38 44 10 30 8 6 2 2 0 2 1 0 2 0 0 0 0 1
1452365765 120 128 38 44 10 30 8 6 2 2 0 2 1 0 2 0 0 0 0 1
1452419716 121 128 38 44 10 30 8 6 2 2 0 2 1 0 2 0 0 0 0 1
1452451486 122 128 38 44 10 30 8 6 2 2 0 2 1 0 2 0 0 0 0 1
1452451662 123 128 38 44 10 30 8 6 2 2 0 2 1 0 2 0 1 0 0 1
1452452238 124 128 40 44 11 30 8 6 2 2 0 2 1 0 2 0 1 0 0 1
1452527228 124 128 41 44 11 30 8 6 2 2 0 2 1 0 2 0 1 0 0 1
1452527593 124 128 42 44 11 30 8 6 2 2 0 2 1 0 2 0 1 0 0 1
1452531022 125 128 42 44 11 30 8 6 2 2 0 2 1 0 2 0 1 0 0 1
1452533158 126 128 42 44 11 30 8 6 2 2 0 2 1 0 2 0 1 0 0 1
1452533965 127 128 44 44 11 30 8 6 2 2 0 2 1 0 2 0 1 0 0 1
1452534576 127 128 48 44 11 30 8 6 2 2 0 2 1 0 2 0 1 0 0 1
1452536243 128 128 48 44 11 30 8 6 2 2 0 2 1 0 2 0 1 0 0 1
1452539637 129 128 48 44 11 30 8 6 2 2 0 2 1 0 2 0 1 0 0 1
1452540404 130 137 48 44 11 30 8 6 2 2 0 2 1 0 2 0 1 0 0 1
1452542041 130 138 48 44 11 30 8 6 2 2 0 2 1 0 2 0 1 0 0 1
1452542467 130 139 48 44 11 30 8 6 2 2 0 2 1 0 2 0 1 0 0 1
1452585934 130 139 49 44 11 30 8 6 2 2 0 2 1 0 2 0 1 0 0 1
1452588713 130 139 54 44 11 30 8 6 2 2 0 2 1 0 2 0 1 0 0 1
1452592006 130 139 55 44 11 30 8 7 2 2 0 2 1 0 2 0 1 0 0 1
1452624150 131 139 55 44 11 30 9 7 2 2 0 2 1 0 2 0 1 0 0 1
1452629388 132 139 55 44 11 30 9 7 2 2 0 2 1 0 2 0 1 0 0 1
1452629670 133 139 55 44 11 30 9 7 2 2 0 2 1 0 2 0 1 0 0 1
1452630152 134 139 55 44 11 30 9 7 2 2 0 2 1 0 2 0 1 0 0 1
1452669863 134 139 55 44 11 30 9 7 2 3 0 2 1 0 2 0 1 0 0 1
1452692527 134 139 55 44 11 30 9 7 2 3 0 2 2 0 2 0 1 0 0 1
1452697456 134 140 55 44 11 30 9 7 2 3 0 2 2 0 2 0 1 0 0 1
1452697605 134 141 55 44 11 30 9 7 2 3 0 2 2 0 2 0 1 0 0 1
1452702595 135 141 55 44 11 30 9 7 2 3 0 2 2 0 2 0 1 0 0 1
1452703059 145 141 55 44 11 30 9 7 2 3 0 2 2 0 2 0 1 0 0 1
1452704682 146 141 55 44 11 30 9 7 2 3 0 2 2 0 2 0 1 0 0 1
1452705382 147 141 55 44 11 30 9 7 2 3 0 2 2 0 2 0 1 0 0 1
1452714742 148 141 55 44 11 30 9 7 2 3 0 2 2 0 2 0 1 0 0 1
1452715088 149 141 55 44 11 30 9 7 2 3 0 2 2 0 2 0 1 0 0 1
1452718140 150 141 55 44 11 30 9 7 2 3 0 2 2 0 2 0 1 0 0 1
1452722325 151 141 55 44 11 30 9 7 2 3 0 2 2 0 2 0 1 0 0 1
1452722624 151 141 55 44 11 30 9 7 2 4 0 2 2 0 2 0 1 0 0 1
1452773415 151 141 55 44 11 30 10 7 2 4 0 2 2 0 2 0 1 0 0 1
1452777068 151 141 56 44 11 30 10 7 2 4 0 2 2 0 2 0 1 0 0 1
1452781547 151 141 57 44 11 30 10 7 2 4 0 2 2 0 2 0 1 0 0 1
1452786751 151 141 57 44 11 30 12 7 2 4 0 2 2 0 2 0 1 0 0 1
1452787072 151 141 57 44 11 30 13 7 2 4 0 2 2 0 2 0 1 0 0 1
1452788045 151 141 58 44 11 30 13 7 2 4 0 2 2 0 2 0 1 0 0 1
1452788086 151 141 59 44 11 30 13 7 2 4 0 2 2 0 2 0 1 0 0 1
1452802949 152 141 59 44 11 30 13 7 2 4 0 2 2 0 2 0 1 0 0 1
1452803445 153 141 59 44 11 30 13 7 2 4 0 2 2 0 2 0 1 0 0 1
1452803765 154 142 59 44 11 30 13 7 2 4 0 2 2 0 2 0 1 0 0 1
1452870527 154 143 59 44 11 30 13 7 2 4 0 2 2 0 2 0 1 0 0 1
1452952533 155 143 59 45 11 30 13 7 2 4 0 3 2 5 2 0 2 0 0 1
1452979108 156 143 59 45 11 30 13 7 2 4 0 3 2 5 2 0 2 0 0 1
1453034658 157 143 59 46 11 30 13 7 2 4 0 3 2 5 2 0 2 0 0 1
1453121599 157 146 59 46 11 30 13 7 2 4 0 3 2 5 2 0 2 0 0 1
1453128690 157 146 61 46 12 30 13 7 2 4 0 3 2 5 2 0 2 0 0 1
1453129121 157 146 62 46 12 30 13 7 2 4 0 3 2 5 2 0 2 0 0 1
1453136856 158 146 62 46 12 30 13 7 2 4 0 3 2 5 2 0 2 0 0 1
1453193904 158 146 62 46 12 30 13 7 2 4 0 4 2 5 2 0 2 0 0 1
1453197050 158 146 62 46 13 30 13 7 2 4 0 4 2 5 2 0 2 0 0 1
1453197399 158 146 62 46 14 30 13 7 2 4 0 4 2 5 2 0 2 0 0 1
1453197563 158 146 62 46 15 30 13 7 2 4 0 4 2 5 2 0 2 0 0 1
1453197665 158 146 62 46 16 30 13 7 2 4 0 4 2 5 2 0 2 0 0 1
1453200015 158 146 62 46 17 30 13 7 2 4 0 4 2 5 2 0 2 0 0 1
1453244601 159 146 62 47 17 30 13 7 2 4 0 4 2 5 2 0 2 0 0 1
1453257400 159 146 62 47 17 30 13 7 2 4 0 4 2 5 3 0 2 0 0 1
1453280546 159 146 62 47 18 30 13 7 2 4 0 4 2 5 3 0 2 0 0 1
1453286679 159 146 62 47 18 30 13 7 2 4 0 4 2 5 3 0 2 0 0 1
1453291950 159 146 62 47 18 30 13 7 2 4 0 5 2 5 3 0 2 0 0 1
1453292007 159 146 62 47 18 30 13 7 2 4 0 6 2 5 3 0 2 0 0 1
1453299959 159 146 62 47 19 30 13 7 2 4 0 6 2 5 3 0 2 0 0 1
1453300128 159 146 62 47 20 30 13 7 2 4 0 6 2 5 3 0 2 0 0 1
1453300362 159 146 62 47 21 30 13 7 2 4 0 6 2 5 3 0 2 0 0 1
1453307320 159 146 62 47 22 30 13 7 2 4 0 6 2 5 3 0 2 0 0 1
1453315270 159 146 62 47 22 30 13 7 2 4 2 6 2 5 3 0 2 0 0 1
1453327612 159 148 62 47 22 30 13 7 2 4 2 6 2 5 3 0 2 0 0 1
1453386571 159 148 62 49 23 30 13 7 2 4 2 6 2 5 4 0 2 0 0 1
1453394492 159 148 62 51 23 30 13 7 2 4 2 6 2 5 4 0 2 0 0 1
1453395034 159 148 62 51 24 30 13 7 2 4 2 6 2 5 4 0 2 0 0 1
1453395966 159 148 62 52 24 30 13 7 2 4 2 6 2 5 4 0 2 0 0 1
1453395967 159 148 62 53 24 30 13 7 2 4 2 6 2 5 4 0 2 0 0 1
1453397633 159 149 62 53 24 30 13 7 2 4 2 6 2 5 4 0 2 0 0 1
1453397650 159 150 62 53 24 30 13 7 2 4 2 6 2 5 4 0 2 0 0 1
1453404781 159 151 62 53 24 30 13 7 2 4 3 6 2 5 4 0 2 0 0 1
1453443255 159 151 62 53 24 30 13 7 2 4 4 6 2 5 4 0 2 0 0 1
1453486136 159 151 62 53 24 30 13 7 2 4 4 6 2 5 4 0 2 0 1 1
1453486138 159 151 62 53 24 30 13 7 2 4 4 6 2 5 4 0 2 0 2 1
1453556871 159 151 62 53 25 30 13 7 2 4 4 6 2 5 4 0 2 0 2 1
1453556883 159 154 62 53 26 30 13 7 2 4 4 6 2 5 4 0 2 0 2 1
1453591381 159 155 62 53 26 30 13 7 2 4 4 6 2 5 4 0 2 0 2 1
1453592256 159 156 62 53 26 30 13 7 2 4 4 6 2 5 4 0 2 0 2 1
1453594079 159 161 62 53 26 30 13 7 2 4 4 6 2 5 4 0 2 0 2 1
1453631906 159 161 63 53 26 30 13 7 2 4 4 6 2 5 4 0 2 0 2 1
1453631978 159 161 64 53 26 30 13 7 2 4 4 6 2 5 4 0 2 0 2 1
1453632042 159 161 65 53 26 30 13 7 2 4 4 6 2 5 4 0 2 0 2 1
1453634180 159 161 66 53 26 30 13 7 2 4 4 6 2 5 4 0 2 0 2 1
1453634294 159 161 67 53 26 30 13 7 2 4 4 6 2 5 4 0 2 0 2 1
1453653035 159 165 67 53 26 30 13 7 2 4 4 6 3 5 4 0 2 0 2 1
1453654036 159 166 67 53 26 30 13 7 2 4 4 6 3 5 4 0 2 0 2 1
1453656542 159 167 67 53 26 30 13 7 2 4 4 6 3 5 4 0 2 0 2 1
1453659332 159 168 67 53 26 30 13 7 2 4 4 6 3 5 4 0 2 0 2 1
1453759387 159 168 67 53 27 30 13 7 2 4 4 6 3 5 4 0 2 0 2 1
1453823557 159 168 67 56 27 30 13 7 2 4 4 6 3 5 4 0 2 0 2 1
1453830526 160 168 67 56 27 30 13 7 2 4 4 6 3 5 4 0 2 0 2 1
1453831222 161 168 67 56 27 30 13 7 2 4 4 6 3 5 4 0 2 0 2 1
1453831397 162 168 67 56 27 30 13 7 2 4 4 6 3 5 4 0 2 0 2 1
1453831649 163 168 67 56 27 30 13 7 2 4 4 6 3 5 4 0 2 0 2 1
1453831837 164 168 67 56 27 30 13 7 2 4 4 6 3 5 4 0 2 0 2 1
1453832013 165 168 67 56 27 30 13 7 2 4 4 6 3 5 4 0 2 0 2 1
1453832169 166 168 67 56 27 30 13 7 2 4 4 6 3 5 4 0 2 0 2 1
1453832757 167 168 67 59 27 30 13 7 2 4 4 6 3 5 4 0 2 0 2 1
1453835457 167 168 67 59 28 30 13 7 2 4 4 6 3 5 4 0 2 0 2 1
1453925530 167 168 67 59 28 30 14 7 2 4 4 6 3 5 4 0 2 0 2 1
1453927330 168 168 67 59 28 30 14 7 2 4 4 6 3 5 4 0 2 0 2 1
1453977494 168 168 67 59 28 30 14 8 2 4 4 6 3 5 4 0 2 0 2 1
1453980447 168 168 67 59 28 30 14 9 2 4 4 6 3 5 4 0 2 0 2 1
1453980960 168 168 67 59 28 30 14 10 2 4 4 6 3 5 4 0 2 0 2 1
1453982983 168 168 67 59 28 30 14 11 2 4 4 6 3 5 4 0 2 0 2 1
1453982995 168 168 67 59 28 30 14 12 2 4 4 6 3 5 4 0 2 0 2 1
1453995230 168 168 68 59 28 30 14 12 2 4 4 6 3 5 4 0 2 0 2 1
1453996174 168 168 69 59 28 30 14 12 2 4 4 6 3 5 4 0 2 0 2 1
1453996759 168 168 70 59 28 30 14 12 2 4 4 6 3 5 4 0 2 1 2 1
1454008080 168 168 70 59 28 30 14 12 2 4 4 6 3 5 4 0 2 2 2 1
1454142403 168 168 70 60 28 30 14 13 2 4 4 6 3 5 4 0 2 2 2 1
1454151264 168 168 70 60 28 30 14 13 3 4 4 6 3 5 4 0 2 2 2 1
1454151265 168 168 70 60 28 30 14 13 4 4 4 6 3 5 4 0 2 2 2 1
1454151266 168 168 70 60 28 30 14 13 5 4 4 6 3 5 4 0 2 2 2 1
1454151267 168 168 70 60 28 30 14 13 6 4 4 6 3 5 4 0 2 2 2 1
1454151268 168 168 70 60 28 30 14 13 7 4 4 6 3 5 4 0 2 2 2 1
1454151269 168 168 70 60 28 30 14 13 8 4 4 6 3 5 4 0 2 2 2 1
1454151270 168 168 70 60 28 30 14 13 9 4 4 6 3 5 4 0 2 2 2 1
1454151271 168 168 70 60 28 30 14 13 10 4 4 6 3 5 4 0 2 2 2 1
1454151272 168 168 70 61 28 30 14 13 11 4 4 6 3 5 4 0 2 2 2 1
1454212937 168 168 70 61 28 30 14 13 11 4 4 6 3 5 4 2 2 2 2 1
1454252388 168 168 70 61 28 31 14 13 11 4 4 6 3 5 4 2 2 2 2 1
1454254382 168 168 70 61 28 32 14 13 11 4 4 6 3 5 4 2 2 2 2 1
1454280936 168 168 70 61 29 32 14 13 11 4 4 6 3 5 4 2 2 2 2 1
1454339151 168 168 70 61 29 32 15 13 11 4 4 6 3 5 4 2 2 2 2 1
1454359730 169 168 70 61 29 32 15 13 11 4 4 6 3 5 4 2 2 2 2 1
1454360336 171 168 70 61 29 32 15 13 11 4 4 6 3 5 4 2 2 2 2 1
1454360584 172 168 70 61 29 32 15 13 11 4 4 6 3 5 4 2 2 2 2 1
1454379574 172 168 70 61 29 32 15 13 11 5 4 6 3 5 4 2 2 2 2 1
1454379672 172 168 70 61 29 32 15 13 11 6 4 6 3 5 4 2 2 2 2 1
1454380172 172 168 70 61 29 32 15 13 11 7 4 6 3 5 4 2 2 2 2 1
1454409440 172 168 70 61 29 32 16 13 11 7 4 6 3 5 4 2 2 2 2 1
1454410559 172 168 70 61 30 32 16 13 11 7 4 6 3 5 4 2 2 2 2 1
1454422011 172 168 70 61 31 32 16 13 11 7 4 6 3 5 4 2 2 2 2 1
1454431831 172 168 70 61 32 32 16 13 11 7 4 6 3 5 4 2 2 2 2 1
1454432465 172 168 71 61 32 32 16 13 11 7 4 6 3 5 4 2 2 2 2 1
1454432810 172 168 72 62 32 32 16 13 11 7 4 6 3 5 4 2 2 2 2 1
1454445773 173 168 72 62 32 32 16 13 11 7 4 6 3 5 4 2 2 2 2 1
1454445942 174 168 72 62 32 32 16 13 11 7 4 6 3 5 4 2 2 2 2 1
1454446030 175 168 72 62 32 32 16 13 11 7 4 6 3 5 4 2 2 2 2 1
1454495393 175 168 72 62 32 32 17 13 11 7 5 6 3 5 4 2 2 2 2 1
1454520839 175 168 72 62 32 32 17 13 12 7 5 6 3 5 4 2 2 2 2 1
1454524288 175 168 72 62 32 32 17 13 12 7 6 6 3 5 4 2 2 2 2 1
1454535168 175 168 72 62 32 32 17 14 12 7 6 6 3 5 4 2 2 2 2 1
1454538984 176 168 72 62 32 32 17 14 12 7 6 6 3 5 4 2 2 2 2 1
1454539144 176 168 72 62 32 32 17 14 12 7 6 6 4 5 4 2 2 2 2 1
1454539899 176 168 72 62 32 32 17 14 12 7 6 6 5 5 4 2 2 2 2 1
