1450101537 0 117 0 0 0 0 0 0 0 0 0 0 0 0 0 0 0 0 0 0
1450115600 0 140 0 0 0 0 0 0 0 0 0 0 0 0 0 0 0 0 0 0
1450130682 0 246 0 0 0 0 0 0 0 0 0 0 0 0 0 0 0 0 0 0
1450193447 0 303 0 0 0 0 0 0 0 0 0 0 0 0 0 0 0 0 0 0
1450193486 0 431 0 0 0 0 0 0 0 0 0 0 0 0 0 0 0 0 0 0
1450194016 0 550 0 0 0 0 0 0 0 0 0 0 0 0 0 0 0 0 0 0
1450206635 0 571 0 0 0 0 0 0 0 0 0 0 0 0 0 0 0 0 0 0
1450206665 0 582 0 0 0 0 0 0 0 0 0 0 0 0 0 0 0 0 0 0
1450213729 0 584 0 0 0 0 0 0 0 0 0 0 0 0 0 0 0 0 0 0
1450216434 0 586 0 0 0 0 0 0 0 0 0 0 0 0 0 0 0 0 0 0
1450264986 0 662 0 0 0 0 0 0 0 0 0 0 0 0 0 0 0 0 0 0
1450275211 0 664 0 0 0 0 0 0 0 0 0 0 0 0 0 0 0 0 0 0
1450276466 0 667 0 0 0 0 0 0 0 0 0 0 0 0 0 0 0 0 0 0
1450280811 0 690 0 0 0 0 0 0 0 0 0 0 0 0 0 0 0 0 0 0
1450284357 28 708 0 0 0 0 0 0 0 0 0 0 0 0 0 0 0 0 0 0
1450284947 46 708 0 0 0 0 0 0 0 0 0 0 0 0 0 0 0 0 0 0
1450285412 59 708 0 0 0 0 0 0 0 0 0 0 0 0 0 0 0 0 0 0
1450287685 63 708 0 0 0 0 0 0 0 0 0 0 0 0 0 0 0 0 0 0
1450288080 78 708 0 0 0 0 0 0 0 0 0 0 0 0 0 0 0 0 0 1
1450297285 119 708 0 0 0 0 0 0 0 0 0 0 0 0 0 0 0 0 0 1
1450297818 636 708 0 0 0 0 0 0 0 0 0 0 0 0 0 0 0 0 0 1
1450304829 655 708 0 0 0 0 0 0 0 0 0 0 0 0 0 0 0 0 0 1
1450305094 664 708 0 0 0 0 0 0 0 0 0 0 0 0 0 0 0 0 0 1
1450358772 664 766 0 0 0 0 0 0 0 0 0 0 0 0 0 0 0 0 0 1
1450369484 664 790 0 0 0 0 0 0 0 0 0 0 0 0 0 0 0 0 0 1
1450369663 664 844 0 0 0 0 0 0 0 0 0 0 0 0 0 0 0 0 0 1
1450371969 664 861 0 0 0 0 0 0 0 0 0 0 0 0 0 0 0 0 0 1
1450372007 664 870 0 0 0 0 0 0 0 0 0 0 0 0 0 0 0 0 0 1
1450372090 664 870 0 0 0 0 0 0 0 0 0 0 0 0 0 0 0 0 0 1
1450381547 667 870 0 0 0 0 0 0 0 0 0 0 0 0 0 0 0 0 0 1
1450383201 694 870 0 0 0 0 0 0 0 0 0 0 0 0 0 0 0 0 0 1
1450383239 695 870 0 0 0 0 0 0 0 0 0 5 0 0 0 0 0 0 0 1
1450429329 695 870 0 2 0 0 0 0 0 0 0 5 0 0 0 0 0 0 0 1
1450429330 695 870 0 3 0 0 0 0 0 0 0 5 0 0 0 0 0 0 0 1
1450429331 695 870 0 4 0 0 0 0 0 0 0 5 0 0 1 0 0 0 0 1
1450431180 695 870 0 5 0 0 0 0 0 0 0 5 0 0 1 0 0 0 0 1
1450442139 695 1082 0 5 0 0 2 0 0 0 0 5 0 0 1 0 0 0 0 1
1450446426 695 1121 0 59 0 0 2 0 0 0 0 5 0 0 1 0 0 0 0 1
1450450176 695 1186 0 59 0 0 2 0 0 0 0 5 0 0 1 0 0 0 0 1
1450454923 703 1186 0 59 0 0 2 0 0 0 0 5 0 0 1 0 0 0 0 1
1450456259 822 1186 0 59 2 0 2 0 0 0 0 5 0 0 1 0 0 0 0 1
1450456479 862 1186 0 59 2 0 2 0 0 0 0 5 0 0 1 0 0 0 0 1
1450457081 871 1186 0 59 2 0 2 0 0 0 0 5 0 0 1 0 0 0 0 1
1450458174 879 1186 0 59 2 0 2 0 0 0 0 5 0 0 1 0 0 0 0 1
1450458307 921 1186 0 59 2 0 2 0 0 0 0 5 0 0 1 0 0 0 0 1
1450458465 966 1186 0 59 2 0 2 0 0 0 0 5 0 0 1 0 0 0 0 1
1450465911 973 1186 0 59 2 0 2 0 0 0 0 5 0 0 1 0 0 0 0 1
1450466373 980 1186 0 59 2 0 2 0 0 0 0 5 0 0 1 0 0 0 0 1
1450466395 1045 1186 0 59 2 0 2 0 0 0 0 5 0 0 1 0 0 0 0 1
1450467254 1086 1186 0 59 2 0 2 0 0 0 0 5 0 0 1 0 0 0 0 1
1450469183 1241 1186 0 59 2 0 2 0 0 0 0 5 0 0 1 0 0 0 0 1
1450472608 1255 1186 0 59 2 0 2 0 0 0 0 5 0 0 1 0 0 0 0 1
1450472625 1269 1186 0 59 2 0 2 0 0 0 0 5 0 0 1 0 0 0 0 1
1450472783 1275 1186 0 59 2 0 2 0 0 0 0 5 0 0 1 0 0 0 0 1
1450519099 1487 1186 0 59 2 4 2 0 0 0 0 5 0 0 1 0 0 0 0 1
1450521050 1488 1186 0 59 2 4 2 0 0 0 0 5 0 0 1 0 0 0 0 1
1450522243 1509 1186 0 59 2 4 2 0 0 0 0 5 0 0 1 0 0 0 0 1
1450522258 1740 1186 0 59 2 4 2 0 0 0 0 5 0 0 1 0 0 0 0 1
1450525453 1835 1186 0 59 2 4 2 0 0 0 0 5 0 0 1 0 0 0 0 1
1450525766 1921 1186 0 59 2 4 2 0 0 0 0 5 0 0 1 0 0 0 0 1
1450530032 2044 1224 0 59 2 4 2 0 0 0 0 5 0 0 1 0 0 0 0 1
1450536157 2119 1227 0 59 2 4 2 0 0 0 0 5 0 0 1 0 0 0 0 1
1450536683 2202 1227 0 59 2 4 2 0 0 0 0 5 0 0 1 0 0 0 0 1
1450543555 2202 1227 0 59 2 4 2 0 0 2 0 5 0 0 1 0 0 0 0 1
1450544904 2202 1227 0 59 2 4 2 0 0 3 0 5 0 0 1 0 0 0 0 1
1450548457 2816 1227 0 59 2 4 2 0 0 3 0 5 0 0 1 0 0 0 0 1
1450554764 2817 1227 0 59 2 4 2 0 0 3 0 5 0 0 1 0 0 0 0 1
1450557071 2866 1227 0 59 2 4 2 0 0 3 0 5 0 0 1 0 0 0 0 1
1450558746 2926 1227 0 59 2 4 2 0 0 3 0 5 0 0 1 0 0 0 0 1
1450558777 2956 1227 0 59 2 4 2 0 0 3 0 5 0 0 1 0 0 0 0 1
1450617583 3020 1227 0 59 2 4 2 0 0 3 0 5 0 0 1 0 0 0 0 1
1450617593 3028 1227 0 59 2 4 2 0 0 3 0 5 0 0 1 0 0 0 0 1
1450617832 3038 1227 0 59 2 4 2 0 0 3 0 5 0 0 1 0 0 0 0 1
1450620813 3038 1233 0 59 2 4 2 0 0 3 0 5 0 0 1 0 0 0 0 1
1450623130 3044 1233 0 59 2 4 2 0 0 3 0 5 0 0 1 0 0 0 0 1
1450624697 3045 1233 0 59 2 4 2 0 0 3 0 5 0 0 1 0 0 0 0 1
1450624733 3057 1233 0 59 2 4 2 0 0 3 0 5 0 0 1 0 0 0 0 1
1450624831 3059 1233 0 59 2 4 2 0 0 3 0 5 0 0 1 0 0 0 0 1
1450625594 3059 1338 0 59 2 4 2 0 0 3 0 5 0 0 1 0 0 0 0 1
1450627498 3059 1354 0 59 2 4 2 0 0 3 0 5 0 0 1 0 0 0 0 1
1450627644 3059 1355 0 59 2 4 2 0 0 3 0 5 0 0 1 0 0 0 0 1
1450627887 3094 1355 0 59 2 4 2 0 0 3 0 5 0 0 1 0 0 0 0 1
1450630884 3105 1355 0 59 2 4 2 0 0 3 0 5 0 0 1 0 0 0 0 1
1450633127 3123 1355 0 59 2 4 2 0 0 3 0 5 0 0 1 0 0 0 0 1
1450633160 3132 1355 0 59 2 4 2 0 0 3 0 5 0 0 1 0 0 0 0 1
1450633329 3132 1355 0 59 2 4 2 0 0 3 0 5 0 0 1 0 0 0 0 1
1450636017 3135 1355 0 59 2 4 2 0 0 3 0 5 0 0 1 0 0 0 0 1
1450646991 3174 1355 0 59 2 4 2 0 0 3 0 5 0 0 1 0 0 0 0 1
1450648085 3209 1355 0 59 2 4 2 0 0 3 0 5 0 0 1 0 0 0 0 1
1450648368 3223 1355 0 59 2 4 2 0 0 3 0 5 0 0 1 0 0 0 0 1
1450648818 3233 1355 0 59 2 4 13 0 0 3 0 18 0 0 1 0 0 0 0 1
1450689325 3233 1355 0 62 2 4 13 0 0 3 0 18 0 0 1 0 0 0 0 1
1450704505 3233 1359 18 62 2 4 13 0 0 3 0 18 0 0 1 0 0 0 0 1
1450707895 3233 1359 262 62 2 4 13 1 0 3 0 18 0 0 1 0 0 0 0 1
1450723738 3248 1359 262 62 2 4 13 1 0 3 0 18 0 0 1 0 0 0 0 1
1450724035 3266 1359 262 62 2 4 13 1 0 3 0 18 0 0 1 0 0 0 0 1
1450730800 3339 1359 262 62 2 4 13 1 0 3 0 18 0 0 1 0 0 0 0 1
1450732193 3344 1359 262 62 2 4 13 1 0 3 0 18 0 0 1 0 0 0 0 1
1450732212 3345 1359 262 62 2 4 13 1 0 3 0 18 0 0 1 0 0 0 0 1
1450732223 3348 1359 262 62 2 4 13 1 0 3 0 18 0 0 1 0 0 0 0 1
1450733954 3348 1359 262 62 2 4 13 1 0 3 0 18 0 0 2 0 0 0 0 1
1450781919 3348 1715 264 155 2 4 13 1 0 3 0 18 0 0 2 0 0 0 0 1
1450795889 3348 1715 268 155 2 4 13 1 0 3 0 18 0 0 2 0 0 0 0 1
1450802816 3348 1977 268 155 2 4 13 1 0 3 0 18 0 0 2 0 0 0 0 1
1450823551 3363 1977 268 155 2 4 13 1 0 3 0 18 0 0 2 0 0 0 0 1
1450823601 3397 1977 268 155 2 4 13 1 0 3 0 18 0 0 2 0 0 0 0 1
1450823636 3418 1977 268 155 2 4 13 1 0 3 0 18 0 0 2 0 0 0 0 1
1450868726 3418 1980 268 155 2 4 13 1 0 3 0 18 0 0 2 0 0 0 0 1
1450868935 3418 1988 268 155 2 4 13 1 0 3 0 18 0 0 2 0 0 0 0 1
1450869153 3418 1993 268 155 2 4 13 1 0 3 0 18 0 0 2 0 0 0 0 1
1450882829 3418 2017 268 155 2 4 13 1 0 3 0 18 0 0 2 0 0 0 0 1
1450887257 3427 2017 268 155 2 4 13 1 0 3 0 18 0 0 2 0 0 0 0 1
1450888085 3427 2017 268 1170 2 4 16 1 0 3 0 18 0 0 2 0 0 0 0 1
1450897096 3427 2072 268 1170 2 4 16 1 0 3 0 18 0 0 2 0 0 0 0 1
1450899185 3427 2108 268 1170 2 4 16 1 0 3 0 18 0 0 2 0 0 0 0 1
1450908681 3427 2138 268 1170 2 4 16 1 0 3 0 18 0 0 2 0 0 0 0 1
1450912342 3427 2185 268 1170 2 4 16 1 0 3 0 18 0 0 2 0 0 0 0 1
1450915978 3427 2189 268 1170 2 4 16 1 0 3 0 18 0 0 2 0 0 0 0 1
1450917627 3427 2190 268 1171 2 4 16 1 0 3 0 18 0 0 2 0 0 0 0 1
1450959677 3427 2191 268 1171 2 4 16 1 0 3 0 18 0 0 2 0 0 0 0 1
1450968688 3427 2482 268 1171 6 4 16 1 0 3 0 18 0 0 2 0 0 0 0 1
1450970436 3427 2483 268 1171 6 4 16 1 0 3 0 18 0 0 2 0 0 0 0 1
1451153108 3427 2483 268 1171 6 6 16 1 0 3 0 18 0 0 2 0 0 0 0 1
1451153302 3427 2704 268 1171 6 8 19 1 0 3 0 18 0 0 2 0 0 0 0 1
1451169820 3427 2706 268 1171 6 8 19 1 0 3 0 18 0 0 2 0 0 0 0 1
1451254923 3427 2718 268 1171 6 8 19 1 0 3 0 18 0 0 2 0 0 0 0 1
1451255685 3427 2728 268 1171 6 8 19 1 0 3 0 18 0 0 2 0 0 0 0 1
1451303828 3427 2747 268 1171 6 8 19 1 0 3 0 18 0 0 2 0 0 0 0 1
1451307224 3427 2755 268 1171 6 8 19 1 0 3 0 18 0 0 2 0 0 0 0 1
1451308634 3427 2764 268 1171 6 8 19 1 0 3 0 18 0 0 2 0 0 0 0 1
1451308834 3427 2773 268 1171 6 8 19 1 0 3 0 18 0 0 2 0 0 0 0 1
1451310576 3427 2775 268 1171 6 8 19 1 0 3 0 18 0 0 2 0 0 0 0 1
1451383271 3427 2775 268 1171 10 8 19 1 0 3 0 18 0 0 2 0 0 0 0 1
1451390872 3427 2777 268 1171 10 8 19 1 0 3 0 18 0 0 2 0 0 0 0 1
1451394266 3427 2778 268 1171 10 8 19 1 0 3 0 18 0 0 2 0 0 0 0 1
1451401272 3427 2809 268 1171 10 8 19 1 0 3 0 18 0 0 2 0 0 0 0 1
1451422422 3427 2842 268 1171 10 8 19 1 0 3 0 18 0 0 2 0 0 0 0 1
1451487748 3427 2861 268 1171 10 8 19 1 0 3 0 18 0 0 2 0 0 0 0 1
1451499048 3427 2899 268 1171 10 8 19 1 0 3 0 18 0 0 2 0 0 0 0 1
1451512751 3427 2905 268 1171 10 8 19 1 0 3 0 18 0 0 2 0 0 0 0 1
1451513147 3427 2907 268 1171 10 8 19 1 0 3 0 18 0 0 2 0 0 0 0 1
1451514992 3427 2916 268 1171 10 8 19 1 0 3 0 18 0 0 2 0 0 0 0 1
1451515696 3427 2917 268 1171 10 8 19 1 0 3 0 18 0 0 2 0 0 0 0 1
1451516018 3427 2919 268 1171 10 8 19 1 0 3 0 18 0 0 2 0 0 0 0 1
1451567859 3427 2919 268 1171 10 8 19 5 0 3 0 18 0 0 2 0 0 0 0 1
1451568251 3427 2919 268 1171 10 8 19 6 0 3 0 18 0 0 2 0 0 0 0 1
1451568610 3427 2919 268 1171 10 8 19 7 0 3 0 18 0 0 2 0 0 0 0 1
1451568671 3429 2919 268 1171 10 8 19 7 0 3 0 18 0 0 2 0 0 0 0 1
1451568696 3430 2919 268 1171 10 8 19 7 0 3 0 18 0 0 2 0 0 0 0 1
1451568712 3434 2919 268 1171 10 8 19 7 0 3 0 18 0 0 2 0 0 0 0 1
1451569369 3434 2919 268 1171 10 8 19 7 0 3 0 18 0 0 2 0 0 0 0 1
1451570536 3437 2919 268 1171 10 8 19 7 0 3 0 18 0 0 2 0 0 0 0 1
1451570741 3438 2919 268 1171 10 8 19 7 0 3 0 18 0 0 2 0 0 0 0 1
1451570971 3441 2919 268 1171 10 8 19 7 0 3 0 18 0 0 2 0 0 0 0 1
1451571386 3443 2919 268 1171 10 8 19 7 0 3 0 18 0 0 2 0 0 0 0 1
1451572098 3449 2939 268 1171 10 8 19 7 0 3 0 18 0 0 2 0 0 0 0 1
1451572416 3449 2940 268 1171 10 8 19 7 0 3 0 18 0 0 2 0 0 0 0 1
1451572624 3449 2940 268 1171 10 8 19 7 0 3 0 18 0 0 2 0 0 0 0 1
1451572656 3449 2940 268 1171 10 8 19 7 0 3 0 18 0 0 2 0 0 0 0 1
1451572999 3449 2940 268 1171 10 8 19 7 0 3 0 18 0 0 2 0 0 0 0 1
1451573904 3449 2948 268 1171 10 8 19 7 0 3 0 18 0 0 2 0 0 0 0 1
1451579443 3450 2948 268 1171 10 8 19 7 0 3 0 18 0 0 2 0 0 0 0 1
1451579462 3450 2965 268 1171 10 8 19 7 0 3 0 18 0 0 2 0 0 0 0 1
1451579566 3450 2968 268 1171 10 8 19 7 0 3 0 18 0 0 2 0 0 0 0 1
1451580319 3450 2970 268 1171 10 8 19 7 0 3 0 18 0 0 2 0 0 0 0 1
1451582066 3450 2983 268 1171 10 8 19 7 0 3 0 18 0 0 2 0 0 0 0 1
1451582292 3450 2990 268 1171 10 8 19 7 0 3 0 18 0 0 2 0 0 0 0 1
1451583367 3450 2991 268 1171 10 8 19 7 0 3 0 18 0 0 2 0 0 0 0 1
1451583656 3450 2992 268 1171 10 8 19 7 0 3 0 18 0 0 2 0 0 0 0 1
1451584246 3450 2992 268 1171 10 8 19 7 0 3 0 18 0 0 2 0 0 0 0 1
1451584389 3450 2992 268 1171 10 8 19 7 0 3 0 18 0 0 2 0 0 0 0 1
1451584619 3450 2997 268 1171 10 8 19 7 0 3 0 18 0 0 2 0 0 0 0 1
1451594341 3450 2998 268 1171 10 8 19 7 0 3 0 18 0 0 2 0 0 0 0 1
1451595612 3450 3002 268 1171 10 8 19 7 0 3 0 18 0 0 2 0 0 0 0 1
1451598523 3450 3029 268 1171 10 8 19 7 0 3 0 18 0 0 2 0 0 0 0 1
1451666743 3450 3035 268 1171 14 8 19 7 0 3 0 18 0 0 2 0 0 0 0 1
1451666812 3450 3037 268 1171 14 8 19 7 0 3 0 18 0 0 2 0 0 0 0 1
1451666986 3450 3038 268 1171 14 8 19 7 0 3 0 18 0 0 2 0 0 0 0 1
1451667503 3450 3042 268 1171 14 8 19 7 0 3 0 18 0 0 2 0 0 0 0 1
1451667700 3450 3044 268 1171 14 8 19 7 0 3 0 18 0 0 2 0 0 0 0 1
1451668562 3450 3047 268 1171 14 8 19 7 9 3 0 18 0 0 2 0 0 0 0 1
1451674520 3450 3047 268 1171 14 40 19 7 9 3 0 18 0 0 2 0 0 0 0 1
1451675008 3450 3047 268 1171 14 168 19 7 9 3 0 18 0 0 2 0 0 0 0 1
1451676115 3450 3047 268 1171 14 193 19 7 9 3 0 18 0 0 2 0 0 0 0 1
1451676833 3450 3047 268 1171 14 198 19 7 9 3 0 18 0 0 2 0 0 0 0 1
1451677245 3450 3047 268 1171 14 199 19 7 9 3 0 18 0 0 2 0 0 0 0 1
1451680484 3450 3049 268 1171 14 199 19 7 9 3 0 18 0 0 2 0 0 0 0 1
1451683150 3450 3049 268 1171 14 202 19 7 9 3 0 18 0 0 2 0 0 0 0 1
1451683881 3450 3049 268 1171 14 281 19 7 9 3 0 18 0 0 2 0 0 0 0 1
1451684385 3450 3049 268 1171 14 284 19 7 9 3 0 18 0 0 2 0 0 0 0 1
1451751907 3457 3049 268 1171 14 284 19 7 9 3 0 18 0 0 2 0 0 0 0 1
1451753328 3458 3049 268 1171 14 284 19 7 9 3 0 18 0 0 2 0 0 0 0 1
1451753356 3461 3049 268 1171 14 284 19 7 9 3 0 18 0 0 2 0 0 0 0 1
1451755617 3461 3049 268 1171 14 284 43 7 9 3 0 18 0 0 2 0 0 0 0 1
1451756323 3461 3049 268 1171 14 284 44 7 9 3 0 18 0 0 2 0 0 0 0 1
1451760305 3462 3049 268 1171 14 284 44 7 9 3 0 18 0 0 2 0 0 0 0 1
1451760390 3466 3049 268 1171 14 284 44 7 9 3 0 18 0 0 2 0 0 0 0 1
1451760426 3467 3049 268 1171 14 284 44 7 9 3 0 18 0 0 2 0 0 0 0 1
1451760716 3467 3049 268 1171 14 284 44 7 9 3 0 18 0 0 2 0 0 0 0 1
1451760778 3467 3049 268 1171 14 284 44 7 9 3 0 18 0 0 2 0 0 0 0 1
1451762827 3469 3049 268 1171 14 1342 44 7 9 3 0 18 0 0 2 0 0 0 0 1
1451765318 3469 3049 268 1171 14 1396 44 7 9 3 0 18 0 0 2 0 0 0 0 1
1451768926 3470 3049 268 1171 14 1396 44 7 9 3 0 18 0 0 2 0 0 0 0 1
1451769650 3472 3049 268 1171 14 1396 44 7 9 3 0 18 0 0 2 0 0 0 0 1
1451769783 3473 3049 268 1171 14 1523 44 7 9 3 0 18 0 0 2 0 0 0 0 1
1451769958 3473 3049 268 1171 14 1528 44 7 9 3 0 18 0 0 2 0 0 0 0 1
1451770150 3473 3049 268 1171 14 1538 44 7 9 3 0 18 0 0 2 0 0 0 0 1
1451771709 3473 3049 268 1171 14 1557 44 7 9 3 0 18 0 0 2 0 0 0 0 1
1451814922 3473 3049 268 1171 15 1557 44 7 9 3 0 18 0 0 2 0 0 0 0 1
1451828019 3473 3049 268 1171 15 1557 45 7 9 3 0 18 0 0 2 0 0 0 0 1
1451920074 3473 3049 268 1171 15 1557 45 8 9 3 0 18 0 0 2 0 0 0 0 1
1451922720 3473 3049 268 1171 15 1558 45 8 9 3 0 18 0 0 2 0 0 0 0 1
1451923429 3473 3049 268 1171 15 1560 45 8 9 3 0 18 0 0 2 0 0 0 0 1
1451923931 3473 3049 268 1171 15 1562 45 8 9 3 0 18 0 0 2 0 0 0 0 1
1452003584 3683 3049 268 1171 15 1562 45 8 9 3 0 18 0 0 2 0 0 0 0 1
1452008611 3831 3049 268 1171 15 1562 45 8 9 3 0 18 0 0 2 0 0 0 0 1
1452009008 3871 3049 268 1171 15 1562 45 8 9 3 0 18 0 0 2 0 0 0 0 1
1452011912 3871 3161 268 1171 15 1564 45 8 9 3 0 18 0 0 2 0 0 0 0 1
1452011968 3871 3257 268 1171 15 1564 45 8 9 3 0 18 0 0 2 0 0 0 0 1
1452014298 3898 3257 268 1171 15 1564 45 8 9 3 0 18 0 0 2 0 0 0 0 1
1452016874 3899 3257 268 1171 15 1564 45 8 9 3 0 18 0 0 2 0 0 0 0 1
1452023680 4242 3257 268 1171 15 1564 45 8 9 3 0 18 0 0 2 0 0 0 0 1
1452036556 4242 3258 268 1171 15 1564 45 8 9 3 0 18 0 0 2 0 0 0 0 1
1452088304 4242 3258 285 1171 15 1564 45 8 9 3 0 18 0 0 2 0 0 0 0 1
1452091319 4242 3258 285 1171 15 1614 45 8 9 3 0 18 0 0 2 0 0 0 0 1
1452091626 4242 3258 285 1171 15 1614 45 8 9 3 0 18 0 0 2 0 0 0 0 1
1452097642 4242 3258 285 1171 15 1736 45 8 9 3 0 18 0 0 2 0 0 0 0 1
1452111342 4242 3261 285 1171 15 1736 47 8 9 3 0 18 0 0 2 0 0 0 0 1
1452172330 4242 3264 285 1171 15 1736 47 8 9 3 0 18 0 0 2 0 0 0 0 1
1452182436 4242 3273 285 1171 15 1736 47 8 9 3 0 18 0 0 2 0 0 0 0 1
1452182690 4242 3275 285 1171 15 1736 47 8 9 3 0 18 0 0 2 0 0 0 0 1
1452184474 4262 3275 285 1171 15 1736 47 8 9 3 0 18 0 0 2 0 0 0 0 1
1452185669 4262 3329 285 1171 15 1736 47 8 9 3 0 18 0 0 2 0 0 0 0 1
1452187850 4262 3344 285 1171 15 1736 47 8 9 3 0 18 0 0 2 0 0 0 0 1
1452189376 4301 3344 285 1171 15 1736 47 8 9 3 0 18 0 0 2 0 0 0 0 1
1452190921 4315 3344 3534 1171 15 1736 47 8 9 3 0 18 0 0 2 0 0 0 0 1
1452192935 4315 3344 3603 1171 15 1736 47 8 9 3 0 18 0 0 2 0 0 0 0 1
1452195576 4317 3344 3603 1171 15 1736 47 8 9 3 0 18 0 0 2 0 0 0 0 1
1452196645 4317 3344 3603 1171 16 1736 47 8 9 3 0 18 0 0 2 0 0 0 0 1
1452197383 4317 3344 3603 1171 19 1736 47 8 9 3 0 18 0 0 2 0 0 0 0 1
1452197545 4317 3344 3603 1171 26 1736 47 8 9 3 0 18 0 0 2 0 0 0 0 1
1452200562 4317 3412 3603 1171 26 1736 47 8 9 3 0 18 0 0 2 0 0 0 0 1
1452201746 4319 3412 3603 1171 26 1736 47 8 9 3 0 18 0 0 2 0 0 0 0 1
1452202219 4321 3412 3603 1188 26 1736 47 8 9 3 0 18 0 0 2 0 0 0 0 1
1452248291 4321 3412 3664 1188 26 1736 47 8 9 3 0 18 0 0 2 0 0 0 0 1
1452249427 4321 3412 3664 1188 26 1736 47 9 9 3 0 18 0 0 2 0 0 0 0 1
1452268153 4321 3412 3664 1188 36 1736 47 9 9 3 0 18 0 0 2 0 0 0 0 1
1452275602 4321 3412 3664 1188 36 1736 47 9 9 3 0 18 1 0 2 0 0 0 0 1
1452338633 4321 3412 3664 1188 36 1760 47 9 9 3 0 18 1 0 2 0 0 0 0 1
1452338996 4321 3412 3664 1188 36 2128 47 9 9 3 0 18 1 0 2 0 0 0 0 1
1452343699 4321 3412 3664 1188 36 2133 47 9 9 3 0 18 1 0 2 0 0 0 0 1
1452346485 4322 3412 3664 1188 36 2133 47 9 9 3 0 18 1 0 2 0 0 0 0 1
1452347527 4322 3412 3664 1188 36 2143 47 9 9 3 0 18 1 0 2 0 0 0 0 1
1452348464 4322 3412 3664 1188 37 2143 47 9 9 3 0 18 1 0 2 0 0 0 0 1
1452365479 4322 3412 3664 1188 37 2143 47 9 9 3 0 18 1 0 2 0 0 0 0 1
1452365765 4579 3412 3664 1188 37 2143 47 9 9 3 0 18 1 0 2 0 0 0 0 1
1452419716 4660 3412 3664 1188 37 2143 47 9 9 3 0 18 1 0 2 0 0 0 0 1
1452451486 4724 3412 3664 1188 37 2143 47 9 9 3 0 18 1 0 2 0 0 0 0 1
1452451662 4728 3412 3664 1188 37 2143 47 9 9 3 0 18 1 0 2 0 2 0 0 1
1452452238 4729 3412 4444 1188 64 2143 47 9 9 3 0 18 1 0 2 0 2 0 0 1
1452527228 4729 3412 4445 1188 64 2143 47 9 9 3 0 18 1 0 2 0 2 0 0 1
1452527593 4729 3412 4446 1188 64 2143 47 9 9 3 0 18 1 0 2 0 2 0 0 1
1452531022 4792 3412 4446 1188 64 2143 47 9 9 3 0 18 1 0 2 0 2 0 0 1
1452533158 4794 3412 4446 1188 64 2143 47 9 9 3 0 18 1 0 2 0 2 0 0 1
1452533965 4797 3412 4473 1188 64 2143 47 9 9 3 0 18 1 0 2 0 2 0 0 1
1452534576 4797 3412 4489 1188 64 2143 47 9 9 3 0 18 1 0 2 0 2 0 0 1
1452536243 4829 3412 4489 1188 64 2143 47 9 9 3 0 18 1 0 2 0 2 0 0 1
1452539637 4830 3412 4489 1188 64 2143 47 9 9 3 0 18 1 0 2 0 2 0 0 1
1452540404 4843 3502 4489 1188 64 2143 47 9 9 3 0 18 1 0 2 0 2 0 0 1
1452542041 4843 3504 4489 1188 64 2143 47 9 9 3 0 18 1 0 2 0 2 0 0 1
1452542467 4843 3516 4489 1188 64 2143 47 9 9 3 0 18 1 0 2 0 2 0 0 1
1452585934 4843 3516 4497 1188 64 2143 47 9 9 3 0 18 1 0 2 0 2 0 0 1
1452588713 4843 3516 4523 1188 64 2143 47 9 9 3 0 18 1 0 2 0 2 0 0 1
1452592006 4843 3516 4538 1188 64 2143 47 10 9 3 0 18 1 0 2 0 2 0 0 1
1452624150 4861 3516 4538 1188 64 2143 50 10 9 3 0 18 1 0 2 0 2 0 0 1
1452629388 4871 3516 4538 1188 64 2143 50 10 9 3 0 18 1 0 2 0 2 0 0 1
1452629670 4873 3516 4538 1188 64 2143 50 10 9 3 0 18 1 0 2 0 2 0 0 1
1452630152 4877 3516 4538 1188 64 2143 50 10 9 3 0 18 1 0 2 0 2 0 0 1
1452669863 4877 3516 4538 1188 64 2143 50 10 9 4 0 18 1 0 2 0 2 0 0 1
1452692527 4877 3516 4538 1188 64 2143 50 10 9 4 0 18 2 0 2 0 2 0 0 1
1452697456 4877 3517 4538 1188 64 2143 50 10 9 4 0 18 2 0 2 0 2 0 0 1
1452697605 4877 3521 4538 1188 64 2143 50 10 9 4 0 18 2 0 2 0 2 0 0 1
1452702595 4883 3521 4538 1188 64 2143 50 10 9 4 0 18 2 0 2 0 2 0 0 1
1452703059 5405 3521 4538 1188 64 2143 50 10 9 4 0 18 2 0 2 0 2 0 0 1
1452704682 5408 3521 4538 1188 64 2143 50 10 9 4 0 18 2 0 2 0 2 0 0 1
1452705382 5450 3521 4538 1188 64 2143 50 10 9 4 0 18 2 0 2 0 2 0 0 1
1452714742 5520 3521 4538 1188 64 2143 50 10 9 4 0 18 2 0 2 0 2 0 0 1
1452715088 5529 3521 4538 1188 64 2143 50 10 9 4 0 18 2 0 2 0 2 0 0 1
1452718140 5594 3521 4538 1188 64 2143 50 10 9 4 0 18 2 0 2 0 2 0 0 1
1452722325 5597 3521 4538 1188 64 2143 50 10 9 4 0 18 2 0 2 0 2 0 0 1
1452722624 5597 3521 4538 1188 64 2143 50 10 9 6 0 18 2 0 2 0 2 0 0 1
1452773415 5597 3521 4538 1188 64 2143 54 10 9 6 0 18 2 0 2 0 2 0 0 1
1452777068 5597 3521 4547 1188 64 2143 54 10 9 6 0 18 2 0 2 0 2 0 0 1
1452781547 5597 3521 4571 1188 64 2143 54 10 9 6 0 18 2 0 2 0 2 0 0 1
1452786751 5597 3521 4571 1188 64 2143 108 10 9 6 0 18 2 0 2 0 2 0 0 1
1452787072 5597 3521 4571 1188 64 2143 109 10 9 6 0 18 2 0 2 0 2 0 0 1
1452788045 5597 3521 4581 1188 64 2143 109 10 9 6 0 18 2 0 2 0 2 0 0 1
1452788086 5597 3521 4587 1188 64 2143 109 10 9 6 0 18 2 0 2 0 2 0 0 1
1452802949 5599 3521 4587 1188 64 2143 109 10 9 6 0 18 2 0 2 0 2 0 0 1
1452803445 5603 3521 4587 1188 64 2143 109 10 9 6 0 18 2 0 2 0 2 0 0 1
1452803765 5610 3522 4587 1188 64 2143 109 10 9 6 0 18 2 0 2 0 2 0 0 1
1452870527 5610 3538 4587 1188 64 2143 109 10 9 6 0 18 2 0 2 0 2 0 0 1
1452952533 5611 3538 4587 1189 64 2143 109 10 9 6 0 26 2 9 2 0 2 0 0 1
1452979108 5677 3538 4587 1189 64 2143 109 10 9 6 0 26 2 9 2 0 2 0 0 1
1453034658 5679 3538 4587 1440 64 2143 109 10 9 6 0 26 2 9 2 0 2 0 0 1
1453121599 5679 3941 4587 1440 64 2143 109 10 9 6 0 26 2 9 2 0 2 0 0 1
1453128690 5679 3941 4623 1440 68 2143 109 10 9 6 0 26 2 9 2 0 2 0 0 1
1453129121 5679 3941 4628 1440 68 2143 109 10 9 6 0 26 2 9 2 0 2 0 0 1
1453136856 5686 3941 4628 1440 68 2143 109 10 9 6 0 26 2 9 2 0 2 0 0 1
1453193904 5686 3941 4628 1440 68 2143 109 10 9 6 0 150 2 9 2 0 2 0 0 1
1453197050 5686 3941 4628 1440 77 2143 109 10 9 6 0 150 2 9 2 0 2 0 0 1
1453197399 5686 3941 4628 1440 83 2143 109 10 9 6 0 150 2 9 2 0 2 0 0 1
1453197563 5686 3941 4628 1440 84 2143 109 10 9 6 0 150 2 9 2 0 2 0 0 1
1453197665 5686 3941 4628 1440 85 2143 109 10 9 6 0 150 2 9 2 0 2 0 0 1
1453200015 5686 3941 4628 1440 87 2143 109 10 9 6 0 150 2 9 2 0 2 0 0 1
1453244601 5689 3941 4628 1442 87 2143 109 10 9 6 0 150 2 9 2 0 2 0 0 1
1453257400 5689 3941 4628 1442 87 2143 109 10 9 6 0 150 2 9 5 0 2 0 0 1
1453280546 5689 3941 4628 1442 91 2143 109 10 9 6 0 150 2 9 5 0 2 0 0 1
1453286679 5689 3941 4628 1442 91 2143 109 10 9 6 0 150 2 9 5 0 2 0 0 1
1453291950 5689 3941 4628 1442 91 2143 109 10 9 6 0 160 2 9 5 0 2 0 0 1
1453292007 5689 3941 4628 1442 91 2143 109 10 9 6 0 243 2 9 5 0 2 0 0 1
1453299959 5689 3941 4628 1442 102 2143 109 10 9 6 0 243 2 9 5 0 2 0 0 1
1453300128 5689 3941 4628 1442 113 2143 109 10 9 6 0 243 2 9 5 0 2 0 0 1
1453300362 5689 3941 4628 1442 124 2143 109 10 9 6 0 243 2 9 5 0 2 0 0 1
1453307320 5689 3941 4628 1442 136 2143 109 10 9 6 0 243 2 9 5 0 2 0 0 1
1453315270 5689 3941 4628 1442 136 2143 109 10 9 6 2 243 2 9 5 0 2 0 0 1
1453327612 5689 4499 4628 1442 136 2143 109 10 9 6 2 243 2 9 5 0 2 0 0 1
1453386571 5689 4499 4628 1444 139 2143 109 10 9 6 2 243 2 9 19 0 2 0 0 1
1453394492 5689 4499 4628 1445 139 2143 109 10 9 6 2 243 2 9 19 0 2 0 0 1
1453395034 5689 4499 4628 1445 141 2143 109 10 9 6 2 243 2 9 19 0 2 0 0 1
1453395966 5689 4499 4628 1447 141 2143 109 10 9 6 2 243 2 9 19 0 2 0 0 1
1453395967 5689 4499 4628 1448 141 2143 109 10 9 6 2 243 2 9 19 0 2 0 0 1
1453397633 5689 4505 4628 1448 141 2143 109 10 9 6 2 243 2 9 19 0 2 0 0 1
1453397650 5689 4507 4628 1448 141 2143 109 10 9 6 2 243 2 9 19 0 2 0 0 1
1453404781 5689 4511 4628 1448 141 2143 109 10 9 6 3 243 2 9 19 0 2 0 0 1
1453443255 5689 4511 4628 1448 141 2143 109 10 9 6 4 243 2 9 19 0 2 0 0 1
1453486136 5689 4511 4628 1448 141 2143 109 10 9 6 4 243 2 9 19 0 2 0 3 1
1453486138 5689 4511 4628 1448 141 2143 109 10 9 6 4 243 2 9 19 0 2 0 5 1
1453556871 5689 4511 4628 1448 142 2143 109 10 9 6 4 243 2 9 19 0 2 0 5 1
1453556883 5689 4517 4628 1448 142 2143 109 10 9 6 4 243 2 9 19 0 2 0 5 1
1453591381 5689 4528 4628 1448 142 2143 109 10 9 6 4 243 2 9 19 0 2 0 5 1
1453592256 5689 4531 4628 1448 142 2143 109 10 9 6 4 243 2 9 19 0 2 0 5 1
1453594079 5689 5189 4628 1448 142 2143 109 10 9 6 4 243 2 9 19 0 2 0 5 1
1453631906 5689 5189 4631 1448 142 2143 109 10 9 6 4 243 2 9 19 0 2 0 5 1
1453631978 5689 5189 4632 1448 142 2143 109 10 9 6 4 243 2 9 19 0 2 0 5 1
1453632042 5689 5189 4639 1448 142 2143 109 10 9 6 4 243 2 9 19 0 2 0 5 1
1453634180 5689 5189 4648 1448 142 2143 109 10 9 6 4 243 2 9 19 0 2 0 5 1
1453634294 5689 5189 4660 1448 142 2143 109 10 9 6 4 243 2 9 19 0 2 0 5 1
1453653035 5689 5296 4660 1448 142 2143 109 10 9 6 4 243 3 9 19 0 2 0 5 1
1453654036 5689 5329 4660 1448 142 2143 109 10 9 6 4 243 3 9 19 0 2 0 5 1
1453656542 5689 5418 4660 1448 142 2143 109 10 9 6 4 243 3 9 19 0 2 0 5 1
1453659332 5689 5507 4660 1448 142 2143 109 10 9 6 4 243 3 9 19 0 2 0 5 1
1453759387 5689 5507 4660 1448 143 2143 109 10 9 6 4 243 3 9 19 0 2 0 5 1
1453823557 5689 5507 4660 1457 143 2143 109 10 9 6 4 243 3 9 19 0 2 0 5 1
1453830526 5719 5507 4660 1457 143 2143 109 10 9 6 4 243 3 9 19 0 2 0 5 1
1453831222 5741 5507 4660 1457 143 2143 109 10 9 6 4 243 3 9 19 0 2 0 5 1
1453831397 5755 5507 4660 1457 143 2143 109 10 9 6 4 243 3 9 19 0 2 0 5 1
1453831649 5764 5507 4660 1457 143 2143 109 10 9 6 4 243 3 9 19 0 2 0 5 1
1453831837 5793 5507 4660 1457 143 2143 109 10 9 6 4 243 3 9 19 0 2 0 5 1
1453832013 5804 5507 4660 1457 143 2143 109 10 9 6 4 243 3 9 19 0 2 0 5 1
1453832169 5816 5507 4660 1457 143 2143 109 10 9 6 4 243 3 9 19 0 2 0 5 1
1453832757 5851 5507 4660 1461 143 2143 109 10 9 6 4 243 3 9 19 0 2 0 5 1
1453835457 5851 5507 4660 1461 143 2143 109 10 9 6 4 243 3 9 19 0 2 0 5 1
1453925530 5851 5507 4660 1461 143 2143 151 10 9 6 4 243 3 9 19 0 2 0 5 1
1453927330 5852 5507 4660 1461 143 2143 151 10 9 6 4 243 3 9 19 0 2 0 5 1
1453977494 5852 5507 4660 1461 143 2143 151 11 9 6 4 243 3 9 19 0 2 0 5 1
1453980447 5852 5507 4660 1461 143 2143 151 12 9 6 4 243 3 9 19 0 2 0 5 1
1453980960 5852 5507 4660 1461 143 2143 151 26 9 6 4 243 3 9 19 0 2 0 5 1
1453982983 5852 5507 4660 1461 143 2143 151 27 9 6 4 243 3 9 19 0 2 0 5 1
1453982995 5852 5507 4660 1461 143 2143 151 51 9 6 4 243 3 9 19 0 2 0 5 1
1453995230 5852 5507 4661 1461 143 2143 151 51 9 6 4 243 3 9 19 0 2 0 5 1
1453996174 5852 5507 4661 1461 143 2143 151 51 9 6 4 243 3 9 19 0 2 0 5 1
1453996759 5852 5507 4666 1461 143 2143 151 51 9 6 4 243 3 9 19 0 2 3 5 1
1454008080 5852 5507 4666 1461 143 2143 151 51 9 6 4 243 3 9 19 0 2 8 5 1
1454142403 5852 5507 4666 1462 143 2143 151 52 9 6 4 243 3 9 19 0 2 8 5 1
1454151264 5852 5507 4666 1462 143 2143 151 52 12 6 4 243 3 9 19 0 2 8 5 1
1454151265 5852 5507 4666 1462 143 2143 151 52 13 6 4 243 3 9 19 0 2 8 5 1
1454151266 5852 5507 4666 1462 143 2143 151 52 15 6 4 243 3 9 19 0 2 8 5 1
1454151267 5852 5507 4666 1462 143 2143 151 52 22 6 4 243 3 9 19 0 2 8 5 1
1454151268 5852 5507 4666 1462 143 2143 151 52 23 6 4 243 3 9 19 0 2 8 5 1
1454151269 5852 5507 4666 1462 143 2143 151 52 25 6 4 243 3 9 19 0 2 8 5 1
1454151270 5852 5507 4666 1462 143 2143 151 52 26 6 4 243 3 9 19 0 2 8 5 1
1454151271 5852 5507 4666 1462 143 2143 151 52 28 6 4 243 3 9 19 0 2 8 5 1
1454151272 5852 5507 4666 1466 143 2143 151 52 30 6 4 243 3 9 19 0 2 8 5 1
1454212937 5852 5507 4666 1466 143 2143 151 52 30 6 4 243 3 9 19 3 2 8 5 1
1454252388 5852 5507 4666 1466 143 2145 151 52 30 6 4 243 3 9 19 3 2 8 5 1
1454254382 5852 5507 4666 1466 143 2150 151 52 30 6 4 243 3 9 19 3 2 8 5 1
1454280936 5852 5507 4666 1466 144 2150 151 52 30 6 4 243 3 9 19 3 2 8 5 1
1454339151 5852 5507 4666 1466 144 2150 153 52 30 6 4 243 3 9 19 3 2 8 5 1
1454359730 6063 5507 4666 1466 144 2150 153 52 30 6 4 243 3 9 19 3 2 8 5 1
1454360336 6074 5507 4666 1466 144 2150 153 52 30 6 4 243 3 9 19 3 2 8 5 1
1454360584 6074 5507 4666 1466 144 2150 153 52 30 6 4 243 3 9 19 3 2 8 5 1
1454379574 6074 5507 4666 1466 144 2150 153 52 30 18 4 243 3 9 19 3 2 8 5 1
1454379672 6074 5507 4666 1466 144 2150 153 52 30 19 4 243 3 9 19 3 2 8 5 1
1454380172 6074 5507 4666 1466 144 2150 153 52 30 20 4 243 3 9 19 3 2 8 5 1
1454409440 6074 5507 4666 1466 144 2150 229 52 30 20 4 243 3 9 19 3 2 8 5 1
1454410559 6074 5507 4666 1466 146 2150 229 52 30 20 4 243 3 9 19 3 2 8 5 1
1454422011 6074 5507 4666 1466 147 2150 229 52 30 20 4 243 3 9 19 3 2 8 5 1
1454431831 6074 5507 4666 1466 148 2150 229 52 30 20 4 243 3 9 19 3 2 8 5 1
1454432465 6074 5507 4673 1466 148 2150 229 52 30 20 4 243 3 9 19 3 2 8 5 1
1454432810 6074 5507 4675 1470 148 2150 229 52 30 20 4 243 3 9 19 3 2 8 5 1
1454445773 6629 5507 4675 1470 148 2150 229 52 30 20 4 243 3 9 19 3 2 8 5 1
1454445942 6643 5507 4675 1470 148 2150 229 52 30 20 4 243 3 9 19 3 2 8 5 1
1454446030 6644 5507 4675 1470 148 2150 229 52 30 20 4 243 3 9 19 3 2 8 5 1
1454495393 6644 5507 4675 1470 148 2150 718 52 30 20 9 243 3 9 19 3 2 8 5 1
1454520839 6644 5507 4675 1470 148 2150 718 52 33 20 9 243 3 9 19 3 2 8 5 1
1454524288 6644 5507 4675 1470 148 2150 718 52 33 20 10 243 3 9 19 3 2 8 5 1
1454535168 6644 5507 4675 1470 148 2150 718 55 33 20 10 243 3 9 19 3 2 8 5 1
1454538984 6645 5507 4675 1470 148 2150 718 55 33 20 10 243 3 9 19 3 2 8 5 1
1454539144 6645 5507 4675 1470 148 2150 718 55 33 20 10 243 4 9 19 3 2 8 5 1
1454539899 6645 5507 4675 1470 148 2150 718 55 33 20 10 243 20 9 19 3 2 8 5 1
