1447770866 2791
1448286430 373
1448375299 1306
1448980457 2870
1449065929 2757
1449252409 -477
1449783759 1065
1449831146 2792
1449831475 2793
1449831494 2814
1449831555 2814
1449831564 2822
1449980153 558
1450008766 -658
1450101537 117
1450104833 2855
1450104891 2849
1450114904 2937
1450115149 2937
1450115600 140
1450127513 779
1450130682 246
1450131146 550
1450169659 2852
1450170522 2855
1450193447 303
1450193486 431
1450194016 527
1450196094 1121
1450206635 566
1450206665 577
1450211760 593
1450213729 579
1450216434 579
1450264986 590
1450275211 590
1450276466 593
1450280811 599
1450283006 561
1450284216 572
1450284357 602
1450284947 570
1450285412 568
1450287685 571
1450288080 558
1450297285 587
1450297818 592
1450301726 1329
1450302314 1341
1450304829 1083
1450305094 1069
1450309100 1169
1450343338 1174
1450358772 1090
1450361778 3493
1450369484 1145
1450369663 1135
1450371969 1134
1450372007 1123
1450372090 1106
1450381547 1088
1450383201 1110
1450383239 1102
1450389893 1255
1450394575 1197
1450399788 1174
1450429329 1174
1450429330 1174
1450429331 1174
1450430701 3198
1450431180 1174
1450431578 3223
1450434288 3237
1450436019 1309
1450439281 3252
1450439425 1299
1450439455 1300
1450442139 1197
1450446426 1263
1450450176 1328
1450454923 1326
1450456259 1326
1450456479 1381
1450457081 1380
1450457692 2157
1450458174 1354
1450458307 1308
1450458465 1331
1450465911 1313
1450466373 1314
1450466395 1377
1450467254 1414
1450469183 1566
1450471500 1930
1450472608 1579
1450472625 1593
1450472783 1575
1450482434 2594
1450517910 1562
1450519099 1575
1450521050 1562
1450522243 1573
1450522258 1802
1450525324 1878
1450525453 1814
1450525766 1923
1450526497 2043
1450530032 2034
1450535797 2097
1450536157 2046
1450536683 2175
1450543555 2175
1450544904 2176
1450546257 2355
1450548418 2592
1450548457 2211
1450554764 2585
1450557071 2618
1450558746 2625
1450558777 2655
1450564292 2704
1450564463 2708
1450605847 2770
1450617583 2715
1450617593 2723
1450617832 2721
1450618071 -852
1450620813 2725
1450623130 2699
1450624697 2699
1450624733 2689
1450624831 2688
1450625594 2693
1450627498 2722
1450627644 2722
1450627887 2724
1450630884 2692
1450633127 2710
1450633160 2717
1450633329 2706
1450636017 2699
1450642330 3181
1450646991 2714
1450648085 2748
1450648368 2745
1450648557 2751
1450648818 2745
1450689325 2770
1450704505 2773
1450707895 2791
1450723738 2942
1450724035 2954
1450729094 3163
1450730800 2989
1450732193 2992
1450732212 2992
1450732223 2992
1450733954 2990
1450781867 3332
1450781919 2990
1450789927 3267
1450795889 3255
1450802816 3262
1450823551 3507
1450823601 3520
1450823636 3541
1450868726 3543
1450868935 3550
1450869153 3549
1450871902 3617
1450871903 3619
1450871904 3629
1450871905 3628
1450871906 3631
1450871907 3621
1450871908 3621
1450871909 3642
1450871910 3645
1450871911 3649
1450871912 3651
1450871913 3635
1450871914 3628
1450871915 3626
1450871916 3627
1450871917 3630
1450871918 3633
1450871919 3633
1450871920 3632
1450871921 3631
1450871922 3631
1450871923 3632
1450871924 3640
1450871925 3646
1450871926 3654
1450871927 3654
1450871928 3653
1450871929 3638
1450871931 3641
1450871932 3643
1450881949 2456
1450882829 3558
1450887257 3567
1450888085 3567
1450889025 3715
1450889068 3653
1450891294 3609
1450895478 3648
1450895615 3692
1450897096 3648
1450899185 3694
1450903798 3589
1450908681 3648
1450912342 3585
1450915978 3588
1450917627 3589
1450959677 3590
1450967074 3410
1450968688 3590
1450970436 3410
1451144563 3607
1451153108 3412
1451153302 3412
1451169820 3609
1451254923 3616
1451255685 3616
1451303828 3626
1451307224 3633
1451308634 3627
1451308834 3631
1451310576 3631
1451383271 3632
1451390872 3632
1451394266 3633
1451401272 3662
1451422228 3667
1451422422 3666
1451487748 3682
1451498805 2923
1451498824 2944
1451499048 3720
1451512751 3726
1451513147 3728
1451514992 3735
1451515696 3735
1451516018 3736
1451567832 3745
1451567859 3740
1451567952 3746
1451568251 3741
1451568297 3744
1451568488 3747
1451568610 3741
1451568671 3741
1451568696 3741
1451568712 3744
1451569007 3748
1451569369 3743
1451569602 3748
1451569912 3754
1451570482 3753
1451570536 3746
1451570741 3746
1451570971 3747
1451571386 3741
1451572098 3745
1451572416 3753
1451572624 3751
1451572656 3750
1451572999 3749
1451573904 3755
1451574257 3734
1451574420 3731
1451576344 3737
1451577108 3746
1451579223 3747
1451579443 3749
1451579462 3735
1451579566 3750
1451580319 3750
1451582066 3752
1451582292 3756
1451583367 3756
1451583656 3756
1451584246 3753
1451584389 3751
1451584619 3755
1451594341 3756
1451595612 3756
1451598523 3773
1451660236 3782
1451660237 3782
1451664653 3774
1451666073 3776
1451666743 3774
1451666812 3777
1451666986 3778
1451667503 3780
1451667700 3780
1451668562 3782
1451674520 3760
1451675008 3162
1451676115 3161
1451676833 3159
1451677245 3160
1451680484 3160
1451683150 3159
1451683881 3147
1451684385 3142
1451729818 3556
1451751907 3146
1451753328 3146
1451753356 3146
1451755617 3163
1451756245 -749
1451756323 3163
1451760305 3163
1451760390 3163
1451760426 3163
1451760716 3157
1451760778 3156
1451760823 -852
1451762827 3157
1451765318 -830
1451768871 -857
1451768926 -830
1451769078 -860
1451769650 -830
1451769755 -859
1451769783 -830
1451769958 -859
1451770150 -856
1451771709 -854
1451773290 -383
1451814922 -854
1451828019 -853
1451920074 -852
1451922720 -852
1451923429 -851
1451923931 -849
1451989260 -495
1452000364 373
1452003584 -842
1452004651 2935
1452006489 -460
1452006924 2941
1452007990 -455
1452008611 -512
1452009008 -478
1452011912 -478
1452011968 -302
1452014298 -287
1452016874 -287
1452023680 9
1452036556 10
1452088304 17
1452091319 38
1452091626 0
1452097104 2920
1452097128 -454
1452097146 2939
1452097642 2
1452101251 2920
1452104325 6
1452111342 3
1452158680 2941
1452164634 2915
1452169314 2917
1452172330 6
1452182436 5
1452182690 6
1452184474 24
1452185669 18
1452186310 2913
1452186321 2906
1452187336 2917
1452187850 33
1452187975 943
1452188990 2920
1452189376 59
1452190921 41
1452192935 2920
1452195576 2939
1452196645 2939
1452197383 2940
1452197545 2943
1452200562 3011
1452201746 3012
1452202219 -454
1452248291 -472
1452249427 -471
1452268153 -463
1452274587 -176
1452274588 603
1452275595 630
1452275602 -463
1452338633 -475
1452338996 -478
1452343699 -475
1452346485 -500
1452347527 -508
1452348464 -507
1452365479 -508
1452365765 -259
1452419716 -211
1452436406 914
1452438221 862
1452451486 -161
1452451602 -177
1452451662 -177
1452452238 -177
1452455216 732
1452458853 991
1452459893 1037
1452460302 910
1452471191 744
1452478515 1232
1452519036 744
1452524240 750
1452527121 754
1452527228 631
1452527593 631
1452528641 761
1452528980 654
1452529705 663
1452531022 641
1452532333 675
1452533158 642
1452533686 677
1452533766 672
1452533965 643
1452534374 761
1452534471 762
1452534576 667
1452536243 703
1452538432 762
1452539637 704
1452540404 709
1452542041 762
1452542467 770
1452548384 789
1452549692 1079
1452585514 776
1452585934 775
1452585964 772
1452587221 775
1452587548 778
1452588713 776
1452590656 777
1452592006 779
1452624150 779
1452629388 781
1452629670 782
1452630152 777
1452633744 1087
1452636596 1112
1452637051 1104
1452669863 777
1452692527 777
1452697456 777
1452697605 780
1452702595 784
1452703059 785
1452703751 1220
1452704682 1111
1452705382 1135
1452714742 1162
1452715088 1161
1452718140 1188
1452721139 2845
1452722325 1182
1452722624 1182
1452773415 1182
1452777068 1186
1452781547 1169
1452783350 1201
1452786751 1172
1452787072 1201
1452788045 1205
1452788086 1211
1452797299 1234
1452802949 1211
1452803445 1214
1452803765 1220
1452854122 1234
1452869385 1231
1452869386 1231
1452869387 1233
1452870527 1230
1452874681 1277
1452948250 1231
1452949300 1233
1452952533 1231
1452979108 1208
1453034658 1208
1453054425 1520
1453069366 1519
1453121599 1248
1453128622 1523
1453128653 1537
1453128690 1523
1453129121 1530
1453132789 1536
1453136856 1536
1453145367 1996
1453193904 1646
1453197050 1655
1453197399 1661
1453197563 1662
1453197665 1663
1453200015 1664
1453207261 1665
1453244601 1664
1453257400 1667
1453280546 1667
1453286679 1701
1453291950 1705
1453292007 1787
1453296351 1997
1453296352 1997
1453299959 1798
1453300128 1809
1453300362 1820
1453307320 1830
1453313514 1830
1453315270 1830
1453327612 1833
1453333682 1997
1453386571 1997
1453394468 1995
1453394492 1997
1453395034 1995
1453395966 1993
1453395967 1993
1453396180 2831
1453396181 2830
1453397633 1997
1453397650 1997
1453398966 1996
1453402524 1992
1453404781 1997
1453416004 1996
1453416136 1999
1453443255 1992
1453486136 1996
1453486138 1998
1453498720 2287
1453498751 2605
1453498806 2658
1453498829 1998
1453556871 1998
1453556883 1997
1453577299 2014
1453591381 2008
1453592256 2011
1453594079 2013
1453631906 2661
1453631978 2661
1453632042 2664
1453634180 2671
1453634294 2675
1453649164 2702
1453649992 2702
1453650021 2704
1453650687 2694
1453653035 2675
1453654036 2719
1453656542 2753
1453659332 2826
1453759387 2826
1453821671 2875
1453821672 2835
1453821673 2830
1453823508 2829
1453823557 2828
1453830526 2823
1453831222 2824
1453831397 2827
1453831649 2831
1453831837 2821
1453832013 2823
1453832169 2821
1453832757 2831
1453835457 2815
1453925530 2852
1453927330 2853
1453977494 2851
1453980447 2851
1453980960 2841
1453982983 2842
1453982995 2866
1453995230 2867
1453996174 2866
1453996759 2870
1454008080 2874
1454142402 2874
1454142403 2874
1454151264 2874
1454151265 2874
1454151266 2874
1454151267 2874
1454151268 2874
1454151269 2874
1454151270 2874
1454151271 2874
1454151272 2874
1454211531 2875
1454212937 2875
1454252388 2703
1454254382 2707
1454280936 2708
1454339035 2710
1454339151 2710
1454342876 3484
1454359730 2921
1454360336 2929
1454360584 2841
1454379574 2849
1454379672 2849
1454380172 2850
1454409440 3501
1454410559 3473
1454422011 3473
1454431831 3473
1454432465 3480
1454432688 3971
1454432810 3481
1454445773 3484
1454445942 3482
1454446030 3483
1454495393 3483
1454520839 3971
1454524288 3971
1454535168 3974
1454538984 3974
1454539144 3974
1454539899 3988
